  0.294286  0.0942857  0.0457143   0.405714 0.00571429  0.0257143   0.128571   0.297143  0.0657143       0.18   0.245714   0.114286  0.0371429       0.06  0.0485714   0.151429   0.491429  0.0514286   0.145714  0.0542857  0.0571429 0.00857143  0.0142857  0.0142857  0.0314286  0.0342857  0.0828571   0.814286     1.4709  -0.319342    1.36362    0.10728        350  c
0.00784314  0.0156863   0.470588   0.364706   0.109804  0.0196078  0.0117647   0.513726   0.192157   0.054902  0.0666667  0.0235294  0.0313726   0.117647   0.105882   0.141176   0.109804  0.0941176  0.0784314    0.32549   0.145098  0.0156863  0.0196078  0.0156863  0.0156863  0.0196078  0.0470588   0.866667     1.4709  -0.438833     1.4709          0        255  c
  0.0158103   0.0237154    0.387352     0.41502    0.114625    0.027668   0.0158103    0.411067    0.233202    0.106719   0.0671937    0.027668   0.0671937   0.0869565    0.118577    0.126482    0.146245   0.0909091   0.0948617    0.347826   0.0750988   0.0197628   0.0158103   0.0158103   0.0158103  0.00790514    0.055336    0.869565      1.4709    -0.44441     1.47088 2.11895e-05         253  c
  0.199005  0.0348259   0.227197   0.145937  0.0597015  0.0331675   0.300166   0.116086  0.0381426   0.238806    0.19403   0.131012  0.0248756   0.257048          0 0.00331675   0.253731   0.092869   0.369818   0.185738  0.0945274 0.00497512 0.00995025  0.0182421  0.0364842  0.0580431  0.0431177   0.829187    1.20078  -0.186155    1.07108     0.1297        603  c
0.00773694  0.0638298   0.218569   0.259188   0.435203  0.0116054 0.00386847   0.162476 0.00967118  0.0135397   0.384913   0.135397  0.0290135    0.26499 0.00386847   0.253385   0.234043  0.0909091  0.0696325   0.116054   0.232108 0.00580271  0.0116054  0.0135397  0.0154739  0.0502901  0.0386847   0.864603     1.4709  -0.341326    1.41129  0.0596123        517  c
   0.33134  0.0406699    0.16866    0.23445 0.00478469  0.0502392   0.169856   0.129187  0.0382775   0.279904   0.313397   0.179426  0.0215311  0.0382775          0          0   0.162679   0.370813   0.254785   0.114833    0.09689  0.0119617 0.00837321 0.00717703 0.00717703  0.0203349  0.0717703   0.873206   0.993355 -0.0818851   0.836607   0.156748        836  c
 0.0124069   0.129032   0.060794   0.501241  0.0471464  0.0558313   0.193548  0.0632754  0.0272953  0.0533499    0.60794   0.102978  0.0248139   0.120347  0.0818859  0.0583127   0.104218   0.203474   0.416873   0.044665  0.0905707 0.00992556 0.00868486 0.00744417 0.00744417  0.0310174  0.0719603   0.863524   0.993355  -0.103061   0.853453   0.139902        806  c
 0.0126904   0.137056  0.0647208   0.501269  0.0469543  0.0520305   0.185279  0.0621827  0.0304569  0.0532995   0.604061   0.101523  0.0228426   0.125635  0.0850254  0.0659898   0.104061   0.206853   0.406091  0.0456853  0.0862944 0.00634518  0.0101523 0.00761421 0.00888325   0.034264  0.0786802   0.854061   0.993355  -0.108523   0.857093   0.136262        788  c
0.00761421   0.137056  0.0609137   0.529188  0.0253807  0.0482234   0.191624  0.0380711   0.036802  0.0431472   0.479695   0.228426  0.0329949   0.140863   0.072335  0.0685279   0.111675   0.538071  0.0913706  0.0317259  0.0862944 0.00507614  0.0101523 0.00761421  0.0139594  0.0329949  0.0837563   0.846447   0.993355   -0.10822   0.856667   0.136688        788  c
   0.33189   0.148629   0.109668   0.112554          0   0.030303   0.266955   0.168831   0.040404   0.362193   0.279942  0.0562771   0.038961  0.0533911          0          0  0.0894661   0.494949    0.12987   0.121212   0.164502   0.001443 0.00721501   0.017316   0.027417  0.0721501  0.0678211   0.806638   0.993355  -0.149247   0.884583   0.108772        693  c
   0.0464         0    0.2192    0.4432    0.2192    0.0448    0.0272    0.0976    0.0464     0.064     0.064    0.0288      0.48    0.2192    0.1792     0.104    0.1952    0.1264    0.1408    0.2448    0.0096    0.0096    0.0096    0.0272    0.0528    0.0528    0.0848    0.7632   1.18266 -0.254259    1.1542 0.0284528       625  c
 0.0230179  0.0733163  0.0468883   0.368286  0.0468883  0.0758738   0.365729   0.122762 0.00426257   0.129582   0.525149  0.0997442   0.028133  0.0903666          0   0.056266  0.0571185   0.595055   0.150043  0.0767263  0.0647911 0.00682012  0.0059676  0.0059676  0.0179028  0.0230179  0.0502984   0.890026     1.0678  -0.103605   0.940297     0.1275       1173  c
 0.0264957  0.0760684  0.0521368   0.370085  0.0393162  0.0760684   0.359829   0.125641  0.0034188    0.15812   0.489744   0.100855  0.0273504  0.0948718          0  0.0606838  0.0649573   0.547863   0.184615  0.0769231  0.0649573 0.00598291 0.00598291 0.00598291  0.0196581  0.0239316  0.0487179   0.889744     1.0678  -0.105848   0.940543   0.127254       1170  c
 0.0875357  0.0808754  0.0589914   0.395814  0.0333016  0.0780209   0.265461   0.114177  0.0038059   0.107517   0.523311   0.110371  0.0313987    0.10942          0    0.05804  0.0656518    0.63844  0.0922931   0.076118  0.0694577 0.00285442 0.00570885  0.0171265   0.018078  0.0218839   0.036156   0.898192    1.05931   -0.12819   0.957013   0.102293       1051  c
  0.180778    0.10984  0.0503432   0.488558  0.0331808  0.0480549  0.0892448  0.0583524 0.00457666  0.0629291   0.589245   0.097254  0.0400458   0.147597  0.0320366  0.0675057  0.0732265   0.599542   0.125858  0.0366133  0.0652174 0.00800915 0.00686499 0.00800915  0.0148741  0.0308924  0.0297483   0.901602    1.04362  -0.184549   0.993679  0.0499379        874  c
 0.0319511   0.116247  0.0353501   0.288919    0.10673   0.042828   0.377974   0.276003  0.0353501  0.0326309   0.586676  0.0122366   0.014276   0.042828 0.00271924   0.109449  0.0557444   0.469748   0.238613   0.053705  0.0700204 0.00815772  0.0067981 0.00543848  0.0224337  0.0373895   0.039429   0.880354    1.14693   -0.14011   0.986349   0.160584       1471  c
 0.0319946   0.117086  0.0388019   0.290674   0.103472  0.0435671   0.374404   0.279782  0.0347175  0.0347175   0.580667  0.0122532  0.0149762  0.0428863 0.00476515   0.109598  0.0619469   0.316542   0.383254  0.0544588   0.069435 0.00816882 0.00612662 0.00612662  0.0251872  0.0353982  0.0374404   0.881552    1.14693  -0.140848   0.984963    0.16197       1469  c
 0.0359364     0.1085  0.0497581    0.29302  0.0988252  0.0442294    0.36973   0.281963  0.0276434  0.0345543   0.578438  0.0131306  0.0152039   0.049067 0.00483759   0.109883  0.0642709    0.37595   0.331721  0.0469938  0.0663442 0.00760193 0.00552868 0.00621977   0.015895  0.0469938  0.0380097   0.879751    1.14693  -0.152053   0.998513    0.14842       1447  c
  0.047619    0.10084  0.0651261   0.293417  0.0882353  0.0455182   0.359244   0.290616  0.0182073  0.0448179   0.565126  0.0140056  0.0154062  0.0518207  0.0070028   0.116947  0.0693277   0.455882   0.245798   0.039916  0.0651261 0.00560224  0.0070028 0.00560224  0.0182073  0.0483193  0.0357143   0.879552    1.14693     -0.161    1.00762   0.139312       1428  c
  0.054111   0.097681  0.0808152    0.29234   0.075896  0.0449754   0.354181   0.293043  0.0168658  0.0491918   0.557273  0.0140548   0.016163  0.0534083 0.00773015   0.120871  0.0829234   0.485594   0.200281  0.0400562  0.0625439 0.00491918 0.00632467 0.00702741  0.0196767  0.0463809   0.035137   0.880534    1.14693  -0.164987    1.01051    0.13642       1423  c
  0.059775  0.0921238  0.0773558   0.295359  0.0780591  0.0428973    0.35443   0.300281  0.0154712  0.0400844   0.561181  0.0140647  0.0161744  0.0527426 0.00773558   0.118847  0.0893108   0.390295   0.292546  0.0400844  0.0611814 0.00421941 0.00703235 0.00632911  0.0203938   0.045007   0.035865   0.881153    1.14693  -0.164444    1.00721   0.139724       1422  c
 0.0636492  0.0898161  0.0898161   0.293494  0.0693069  0.0438472   0.350071    0.30198  0.0155587  0.0558699   0.542433  0.0141443  0.0155587  0.0544554 0.00919378   0.120934  0.0983027   0.373409   0.299151   0.039604  0.0594059 0.00353607 0.00707214 0.00636492  0.0219236    0.04314  0.0381895   0.879774    1.14693  -0.167937    1.00938    0.13755       1414  c
    0.22779   0.0728929     0.11997    0.315869   0.0265756   0.0523918     0.18451    0.274108   0.0106302    0.088079    0.484434   0.0493546   0.0136674   0.0797267   0.0113895    0.126803    0.110099    0.514047    0.132118   0.0592255   0.0463174 0.000759301   0.0106302   0.0113895   0.0159453   0.0296128   0.0364465    0.895216     1.13586   -0.206388     1.05171    0.084155        1317  c
   0.30962  0.0638642   0.101859   0.338723  0.0315279  0.0525465   0.101859   0.250606 0.00404204  0.0331447   0.549717  0.0412288  0.0274859  0.0937753 0.00323363   0.116411    0.14228   0.462409   0.175424  0.0565885   0.043654 0.00565885 0.00646726 0.00808407  0.0145513  0.0355699  0.0428456   0.886823    1.11471  -0.244953    1.07343  0.0412761       1237  c
   0.33224  0.0607055  0.0820345   0.362592  0.0278917  0.0516817  0.0828548   0.248564 0.00410172  0.0328138   0.550451  0.0401969  0.0278917  0.0959803 0.00328138   0.114848   0.150123   0.457752   0.176374  0.0549631  0.0426579 0.00656276 0.00656276 0.00574241  0.0139459   0.045119  0.0344545   0.887613    1.11471  -0.250352    1.07922  0.0354881       1219  c
  0.325962  0.0630631  0.0827191   0.359541   0.027846  0.0540541  0.0868141   0.255528   0.004095   0.028665   0.552826   0.036036   0.027846  0.0950041   0.003276   0.116298   0.153972   0.459459   0.170352  0.0556921    0.04095 0.00737101 0.00655201 0.00573301   0.012285   0.044226   0.036036   0.887797    1.11471  -0.249526    1.07515  0.0395566       1221  c
  0.145928   0.164821   0.106189   0.235179  0.0410423  0.0234528   0.283388   0.433225  0.0371336  0.0247557   0.495114 0.00977199          0          0   0.076873   0.171987   0.134202   0.429967   0.147231  0.0241042  0.0156352 0.00325733 0.00521173  0.0162866  0.0228013  0.0586319  0.0469055   0.846906    1.30447  -0.272401    1.19433   0.110147       1535  c
   0.36827  0.0552764    0.11486   0.349605 0.00933238  0.0129218  0.0897344   0.421393  0.0150754  0.0244078   0.500359  0.0179469          0  0.0208184  0.0825556   0.166547   0.218952   0.359655   0.136396  0.0122039  0.0236899   0.005743   0.005743  0.0086145  0.0208184  0.0581479  0.0366116   0.864322    1.18134  -0.314164    1.15196  0.0293744       1393  c
 0.0512673   0.107719   0.452189   0.269585          0  0.0120968   0.107143  0.0103687  0.0218894  0.0858295   0.380184  0.0437788  0.0950461   0.362903          0 0.00691244  0.0432028   0.302419   0.257488   0.241935   0.148041 0.00633641 0.00460829  0.0126728  0.0564516  0.0604839  0.0760369    0.78341    1.37017  -0.325336    1.23801   0.132153       1736  c
 0.0504056  0.0932793   0.467555   0.266512          0  0.0121669   0.110081  0.0110081  0.0196987    0.10197   0.362109  0.0463499   0.094438   0.364426          0 0.00869061  0.0446118   0.239282   0.312862   0.234647   0.159907 0.00347625 0.00637312  0.0156431  0.0556199  0.0585168  0.0811124   0.779258    1.37435  -0.332805     1.2451   0.129244       1726  c
 0.0508274  0.0927896   0.473995   0.256501          0  0.0130024   0.112884  0.0100473  0.0159574   0.131797   0.269504   0.113475  0.0957447   0.363475          0 0.00886525  0.0514184   0.173759   0.315012   0.241135   0.209811 0.00177305  0.0106383  0.0130024  0.0478723  0.0685579  0.0756501   0.782506    1.36958  -0.356262    1.26696   0.102624       1692  c
   0.49528   0.142857   0.123977   0.207048 0.00566394 0.00692259  0.0182505   0.516677  0.0314663  0.0258024    0.22404   0.194462 0.00566394 0.00188798   0.126495   0.166142    0.34613   0.262429  0.0786658 0.00692259  0.0132159 0.00566394 0.00566394  0.0113279  0.0528634  0.0453115  0.0648206   0.814349    1.34921  -0.402715    1.30689   0.042321       1589  c
  0.338592          0  0.0182039   0.629854          0          0  0.0133495          0          0   0.378641   0.190534   0.360437  0.0703883          0  0.0291262  0.0400485   0.360437    0.39199   0.117718  0.0376214  0.0230583 0.00121359  0.0303398  0.0643204  0.0800971  0.0825243  0.0473301   0.694175   0.447549  -0.086675   0.360148  0.0874018        824  c
  0.332134          0  0.0371703   0.618705          0          0  0.0119904          0          0  0.0803357   0.729017   0.113909  0.0659472  0.0107914 0.00839329 0.00719424   0.453237   0.317746     0.1247  0.0683453  0.0203837 0.00839329  0.0167866  0.0803357  0.0707434  0.0623501  0.0719424   0.689448   0.447549 -0.0332958   0.308631   0.138918        834  c
  0.336943          0   0.032491   0.623345          0          0 0.00722022          0          0  0.0758123   0.712395   0.145608   0.064982 0.00120337  0.0120337 0.00962696   0.308063   0.470517   0.113117  0.0637786   0.022864 0.00842359  0.0156438  0.0806258  0.0734055   0.064982  0.0661853   0.690734   0.447549 -0.0419035   0.317041   0.130508        831  c
  0.332121          0   0.030303   0.627879          0          0 0.00969697          0          0  0.0727273   0.709091   0.152727  0.0654545          0  0.0121212 0.00969697   0.151515   0.626667   0.113939  0.0654545  0.0206061 0.00727273  0.0169697  0.0787879  0.0775758  0.0606061  0.0678788   0.690909   0.447549 -0.0408755   0.315836   0.131713        825  c
  0.338592          0  0.0182039   0.629854          0          0  0.0133495          0          0   0.378641   0.190534   0.360437  0.0703883          0  0.0291262  0.0400485   0.360437    0.39199   0.117718  0.0376214  0.0230583 0.00121359  0.0303398  0.0643204  0.0800971  0.0825243  0.0473301   0.694175   0.447549  -0.086675   0.360148  0.0874018        824  c
  0.337037          0  0.0135802   0.628395          0          0  0.0209877          0  0.0148148    0.27284   0.277778   0.355556  0.0753086  0.0037037  0.0308642   0.045679   0.258025   0.420988   0.174074   0.045679  0.0246914  0.0123457 0.00740741  0.0555556   0.109877  0.0493827  0.0716049   0.693827   0.447549  -0.140095   0.413148  0.0344011        810  c
  0.323821          0  0.0111663   0.631514          0          0  0.0334988          0  0.0148883   0.259305   0.295285   0.351117  0.0744417 0.00496278  0.0272953  0.0459057   0.248139   0.413151   0.193548  0.0459057  0.0260546  0.0136476 0.00744417  0.0545906     0.1067  0.0508685  0.0682382   0.698511   0.447549  -0.140506   0.413429  0.0341201        806  c
  0.357451          0  0.0485961   0.562635          0          0  0.0313175          0  0.0161987   0.109071   0.709503    0.13067  0.0345572          0 0.00647948 0.00647948  0.0993521   0.720302   0.087473  0.0593952  0.0205184 0.00971922   0.011879   0.062635   0.104752  0.0777538  0.0637149   0.669546   0.462748 -0.0382412   0.314924   0.147825        926  c
  0.356522          0   0.048913   0.563043          0          0  0.0315217          0  0.0163043   0.102174   0.703261   0.145652  0.0326087          0  0.0076087  0.0076087   0.101087   0.720652  0.0913043  0.0521739  0.0195652 0.00869565  0.0141304  0.0652174        0.1  0.0793478  0.0608696   0.671739   0.462748 -0.0379305   0.314482   0.148266        920  c
  0.354874          0  0.0481928    0.56517          0          0  0.0317634          0  0.0153341  0.0865279   0.722892   0.140197  0.0350493          0 0.00985761  0.0186199   0.116101   0.710843  0.0843373  0.0372399  0.0230011 0.00657174  0.0164294  0.0635268   0.101862   0.075575  0.0799562   0.656079   0.462748  -0.049632   0.325973   0.136775        913  c
  0.236343          0  0.0133779   0.589744          0          0   0.160535          0  0.0334448  0.0557414   0.530658   0.335563  0.0412486 0.00334448  0.0234114  0.0189521   0.168339   0.455964   0.266444  0.0434783  0.0234114 0.00668896  0.0167224  0.0546265  0.0668896  0.0880713  0.0769231   0.690078   0.462748  -0.117485   0.393353  0.0693954        897  c
  0.180899          0          0   0.596629          0          0   0.222472          0  0.0224719  0.0865169   0.391011    0.44382  0.0483146 0.00786517  0.0123596  0.0101124   0.193258   0.201124   0.494382   0.058427  0.0303371   0.011236   0.011236   0.041573  0.0853933  0.0651685  0.0786517   0.706742   0.462748  -0.145316   0.421123  0.0416254        890  c
 0.179661         0         0       0.6         0         0  0.220339         0 0.0225989  0.079096   0.40791  0.436158 0.0463277 0.0079096 0.0112994 0.0112994  0.181921  0.218079  0.489266 0.0564972 0.0316384 0.0112994 0.0124294  0.039548 0.0824859 0.0757062 0.0723164  0.706215  0.462748 -0.139076  0.414663  0.048085       885  c
   0.207171           0   0.0239044    0.551793           0           0    0.217131           0   0.0209163    0.101594    0.700199    0.165339   0.0109562 0.000996016  0.00796813   0.0249004    0.104582    0.722112    0.106574   0.0199203   0.0139442  0.00398406   0.0149402   0.0438247   0.0717131   0.0737052    0.064741    0.727092    0.462748  -0.0665678    0.344951    0.117798        1004  c
 0.0595349          0          0   0.459535          0          0    0.48093          0 0.00465116  0.0809302   0.712558   0.137674  0.0539535  0.0102326          0          0  0.0325581   0.707907   0.216744  0.0362791 0.00651163  0.0111628  0.0167442  0.0269767  0.0493023   0.067907  0.0493023   0.778605   0.468663  -0.036047   0.318017   0.150646       1075  c
 0.0579981          0          0   0.458372          0          0    0.48363          0 0.00467727  0.0813845   0.712816   0.138447  0.0523854    0.01029          0          0  0.0346118   0.710945   0.213283  0.0346118 0.00654818    0.01029  0.0196445  0.0261927  0.0486436  0.0673527  0.0486436   0.779233   0.468663 -0.0349682   0.316877   0.151786       1069  c
 0.0538752          0          0   0.456522          0          0   0.489603          0  0.0047259  0.0879017   0.701323   0.138941  0.0567108   0.010397          0 0.00094518  0.0396975   0.701323   0.213611  0.0359168 0.00850662  0.0094518  0.0236295  0.0226843  0.0387524  0.0784499  0.0453686   0.781664   0.468663 -0.0460871    0.32718   0.141483       1058  c
   0.045977           0           0    0.458812           0           0    0.495211           0  0.00574713    0.105364     0.66954    0.153257   0.0603448  0.00574713           0 0.000957854   0.0411877    0.702107    0.213602   0.0316092   0.0105364  0.00766284   0.0268199   0.0220307   0.0363985   0.0766283   0.0450192    0.785441    0.468663  -0.0526567    0.334276    0.134387        1044  c
  0.107246          0          0   0.457971          0          0   0.434783          0 0.00772947    0.10628   0.676328   0.149758  0.0541063  0.0057971          0          0  0.0396135   0.704348   0.210628  0.0318841  0.0135266 0.00772947  0.0280193   0.021256  0.0386473  0.0714976   0.047343   0.785507   0.468663 -0.0548689   0.336328   0.132335       1035  c
   0.064833           0           0    0.458743           0           0    0.476424 0.000982318  0.00687623     0.22888    0.557957    0.140472   0.0589391  0.00589391 0.000982318           0   0.0491159    0.689587    0.210216   0.0353635   0.0147348   0.0108055   0.0225933   0.0255403   0.0422397   0.0520629   0.0559921    0.790766    0.468663  -0.0719104    0.352902    0.115761        1018  c
 0.0404858          0          0   0.461538          0          0   0.497976 0.00101215 0.00809717   0.352227   0.421053   0.149798  0.0617409 0.00607287 0.00202429 0.00101215  0.0708502   0.645749   0.218623  0.0445344  0.0172065 0.00708502  0.0232794  0.0303644   0.041498  0.0384615   0.055668   0.803644   0.468663 -0.0949255   0.375777  0.0928864        988  c
  0.148111          0 0.00198807   0.455268 0.00596421          0   0.388668 0.00298211 0.00298211   0.181909    0.50497   0.203777  0.0656064  0.0377734          0  0.0109344  0.0924453   0.573559   0.305169 0.00596421  0.0119284 0.00695825  0.0188867  0.0168986  0.0228628   0.055666  0.0467197   0.832008   0.468663 -0.0391664   0.326334   0.142329       1006  c
  0.426195          0  0.0322245   0.495842          0          0   0.045738   0.045738  0.0686071   0.285863    0.25052   0.339917 0.00623701  0.0031185  0.0135135  0.0114345   0.321206   0.468815   0.176715  0.0031185 0.00519751  0.0031185  0.0176715  0.0197505  0.0280665   0.039501  0.0561331   0.835759   0.468663 -0.0550457    0.34247   0.126193        962  c
 0.489845          0          0   0.354839  0.0860215          0  0.0692951 0.00597372 0.00716846  0.0764636    0.81362  0.0967742          0          0  0.0143369  0.0657109   0.204301    0.48626   0.229391          0          0 0.00955794  0.0083632  0.0179211  0.0227001   0.088411  0.0394265    0.81362   0.349576    -0.1289   0.321321  0.0282543        837  c
  0.504212          0          0   0.354994  0.0866426          0  0.0541516 0.00601685 0.00601685   0.078219   0.812274  0.0974729          0          0  0.0144404  0.0661853   0.198556   0.496992   0.223827          0          0  0.0108303 0.00962696  0.0156438   0.022864   0.087846  0.0409146   0.812274   0.349576  -0.127348   0.319934  0.0296422        831  c
  0.495788          0          0   0.348977  0.0890493          0  0.0661853 0.00601685 0.00722022  0.0854392     0.7858   0.115523          0          0  0.0144404  0.0661853   0.164862   0.543923    0.21059          0          0  0.0120337 0.00842359  0.0156438   0.032491  0.0794224  0.0373045   0.814681   0.349576  -0.117897   0.310275   0.039301        831  c
 0.0126316          0          0   0.386316  0.0778947 0.00631579   0.516842 0.00526316 0.00736842   0.217895   0.672632  0.0905263          0 0.00631579  0.0178947  0.0547368  0.0473684   0.445263   0.428421          0 0.00631579 0.00526316 0.00631579  0.0136842  0.0336842  0.0557895  0.0547368   0.830526   0.372831 -0.0203078   0.218275   0.154556        950  c
  0.413317          0          0   0.306533  0.0904523          0   0.189698 0.00628141  0.0100503  0.0816583   0.763819   0.138191          0          0 0.00753769  0.0690955   0.201005   0.537688   0.184673          0          0  0.0113065  0.0113065  0.0125628  0.0577889  0.0452261  0.0552764   0.806533   0.349576   -0.11131   0.300953  0.0486229        796  c
  0.393443          0          0   0.307692  0.0907945          0   0.208071 0.00630517  0.0100883  0.0807062   0.759143   0.143758          0          0  0.0075662  0.0693569   0.175284   0.572509   0.175284          0          0  0.0113493  0.0126103  0.0113493  0.0592686  0.0428752  0.0504414   0.812106   0.349576  -0.108425   0.298167  0.0514086        793  c
           0            0            0     0.302095    0.0815876            0     0.616318    0.0110254    0.0198456     0.101433     0.776185    0.0915105            0            0   0.00661521    0.0672547    0.0496141     0.263506      0.61301            0            0    0.0110254   0.00992282    0.0154355    0.0595369    0.0694598    0.0463065     0.788313     0.349576 -0.000789611     0.188417     0.161159          907  c
         0          0          0   0.300334  0.0823137          0   0.617353  0.0111235  0.0200222  0.0989989   0.775306  0.0945495          0          0 0.00667408  0.0689655   0.054505   0.235818   0.634038          0          0  0.0100111  0.0100111  0.0166852  0.0611791  0.0656285  0.0489433   0.787542   0.349576 0.00260767   0.185047   0.164528        899  c
          0           0           0    0.303471   0.0828667           0    0.613662   0.0111982    0.019037   0.0996641    0.776036    0.094065           0           0  0.00671893   0.0694289   0.0526316    0.262038    0.609183           0           0  0.00783875   0.0100784    0.019037   0.0582307   0.0660694   0.0503919    0.788354    0.349576 -0.00341581    0.191409    0.158167         893  c
 0.0554299          0          0   0.317873  0.0837104          0   0.542986  0.0113122  0.0113122   0.100679   0.782805  0.0938914          0          0  0.0113122  0.0644796  0.0441176   0.569005   0.311086          0          0 0.00226244   0.010181  0.0316742  0.0486425  0.0576923  0.0452489   0.804299   0.349576 -0.0353513   0.224673   0.124903        884  c
   0.39739          0          0   0.436536  0.0830368 0.00711744  0.0759193          0  0.0106762   0.151839   0.667853   0.162515          0 0.00711744  0.0142349  0.0664294   0.142349   0.551601   0.218268          0 0.00711744 0.00830368 0.00830368 0.00948992   0.024911  0.0391459  0.0759193   0.833926   0.372831  -0.122415    0.32575  0.0470814        843  c
 0.00510204           0           0    0.503827           0  0.00765306    0.483418           0           0    0.378827    0.451531     0.16199           0  0.00765306           0           0   0.0331633    0.512755    0.446429           0  0.00765306  0.00510204   0.0114796  0.00892857   0.0216837   0.0369898   0.0612245    0.854592    0.223019 -0.00293392   0.0694809    0.153539         784  c
 0.00530504           0           0    0.509284           0  0.00795756    0.477454           0           0    0.395225    0.442971    0.153846           0  0.00795756           0           0   0.0331565     0.51061    0.448276           0  0.00795756  0.00397878   0.0119363   0.0106101   0.0278515   0.0371353   0.0543767    0.854111    0.223019 -0.00399642   0.0727948    0.150225         754  c
  0.302508          0          0   0.590909          0 0.00940439  0.0971787          0          0   0.247649   0.559561   0.183386          0 0.00940439          0          0  0.0689655   0.719436   0.202194          0 0.00940439  0.0015674   0.015674  0.0125392   0.023511  0.0517241  0.0470219   0.847962   0.213754 -0.0820103   0.152276  0.0614783        638  c
  0.362369          0          0   0.627178          0   0.010453          0          0          0   0.236934   0.482578   0.270035          0   0.010453          0 0.00174216   0.118467   0.627178    0.24216          0   0.010453  0.0121951  0.0121951   0.010453  0.0226481  0.0296167   0.054007   0.858885   0.216043  -0.110206   0.188306  0.0277368        574  c
 0.367021         0         0   0.62234         0 0.0106383         0         0         0  0.230496  0.484043  0.274823         0 0.0106383         0         0   0.12234  0.632979  0.234043         0 0.0106383 0.0141844 0.0124113 0.0106383 0.0212766 0.0283688 0.0585106   0.85461  0.211081 -0.108533  0.184367  0.026713       564  c
 0.373665         0         0  0.615658         0 0.0106762         0         0         0  0.224199  0.494662  0.270463         0 0.0106762         0         0   0.11032  0.653025  0.225979         0 0.0106762 0.0142349 0.0142349 0.0106762 0.0177936 0.0355872 0.0587189  0.848754  0.211561  -0.10276  0.178643 0.0329186       562  c
  0.538951          0          0   0.335453          0          0   0.125596          0   0.203498   0.173291   0.311606   0.208267  0.0937997 0.00953895          0 0.00158983   0.351351   0.236884   0.399046 0.00158983 0.00953895  0.0127186  0.0127186 0.00953895  0.0158983  0.0190779  0.0349762   0.895072   0.243362  0.0261184  0.0522823    0.19108        629  c
  0.537459          0          0   0.325733          0          0   0.136808          0   0.203583   0.175896   0.306189   0.229642  0.0749186 0.00977199          0 0.00162866   0.350163   0.241042   0.397394          0 0.00977199  0.0130293  0.0114007 0.00977199  0.0162866  0.0211726  0.0439739   0.884365    0.24025  0.0220532  0.0546161   0.185634        614  c
 0.505474         0         0  0.286496         0         0  0.208029         0   0.20438  0.206204  0.259124  0.268248 0.0510949 0.0109489         0         0  0.346715  0.262774  0.379562         0 0.0109489 0.0127737 0.0109489 0.0109489 0.0127737 0.0364963 0.0474453  0.868613  0.237695 0.0117443 0.0698882  0.167807       548  c
  0.500928          0 0.00927644   0.272727          0          0   0.217069          0 0.00185529   0.326531   0.280148   0.380334          0  0.0111317          0          0   0.350649   0.554731  0.0834879          0  0.0111317 0.00927644  0.0111317   0.012987   0.012987  0.0482375  0.0445269   0.860853   0.237695 0.00869701  0.0737371   0.163958        539  c
  0.115888          0          0   0.715888          0          0   0.168224   0.011215          0   0.368224   0.295327   0.323364 0.00186916          0          0          0   0.166355   0.551402   0.271028          0   0.011215 0.00560748  0.0130841   0.011215  0.0168224  0.0504673  0.0429907   0.859813   0.236172 0.00755332  0.0739223    0.16225        535  c
 0.0506667          0 0.00533333   0.845333          0      0.016  0.0826667      0.016          0   0.114667      0.576   0.293333          0          0          0  0.0133333   0.197333      0.544      0.232      0.008 0.00533333      0.016  0.0133333  0.0133333  0.0186667  0.0266667      0.064      0.848   0.223828  -0.097106   0.183328  0.0404994        375  c
 0.0273973  0.0164384  0.0657534   0.865753          0          0  0.0246575  0.0164384          0  0.0164384   0.906849   0.030137 0.00273973  0.0273973          0  0.0136986   0.421918   0.378082    0.10411          0  0.0821918  0.0219178  0.0136986  0.0164384  0.0136986  0.0136986  0.0356164   0.884932   0.378206  0.0128016   0.230887   0.147319        365  c
 0.0283286  0.0169972  0.0651558   0.864023          0          0  0.0254958  0.0169972          0  0.0141643   0.889518  0.0424929 0.00849858  0.0283286          0  0.0169972   0.419263   0.376771   0.101983          0  0.0849858    0.01983  0.0141643  0.0169972  0.0141643  0.0141643  0.0481586   0.872521   0.378206 0.00999957   0.236003   0.142203        353  c
 0.0274725  0.0164835  0.0659341   0.865385          0          0  0.0247253  0.0164835          0  0.0164835   0.887363   0.043956 0.00824176  0.0274725          0  0.0164835   0.425824   0.368132   0.107143          0  0.0824176  0.0164835  0.0164835  0.0164835   0.010989  0.0247253   0.032967   0.881868   0.378206  0.0188986    0.22469   0.153516        364  c
 0.0273973  0.0164384  0.0657534   0.865753          0          0  0.0246575  0.0164384          0  0.0164384   0.887671  0.0438356 0.00821918  0.0273973          0  0.0136986   0.430137   0.364384   0.109589          0  0.0821918  0.0136986  0.0164384  0.0164384  0.0136986   0.030137   0.030137   0.879452   0.378206  0.0237413   0.219769   0.158437        365  c
  0.824818          0          0   0.080292  0.0218978  0.0510949  0.0218978  0.0243309   0.026764   0.476886   0.180049   0.274939 0.00243309  0.0145985          0 0.00486618   0.673966   0.226277  0.0218978  0.0145985  0.0583942 0.00243309          0  0.0243309  0.0316302  0.0291971  0.0413625   0.871046   0.378206  0.0784379   0.158888   0.219318        411  c
