         0          0   0.133333   0.766667  0.0833333          0  0.0166667  0.0333333   0.216667  0.0166667   0.566667  0.0333333  0.0666667  0.0666667  0.0333333   0.116667  0.0333333   0.566667  0.0166667  0.0833333       0.15       0.05   0.116667  0.0833333  0.0666667        0.2       0.25   0.233333   0.388623 0.00789662   0.256244   0.132379         60  c
         0  0.0508475   0.135593   0.677966  0.0338983   0.101695          0  0.0508475   0.508475  0.0508475  0.0169492  0.0169492   0.169492   0.186441  0.0169492          0  0.0677966    0.38983  0.0677966   0.220339   0.237288  0.0338983  0.0847458  0.0847458   0.169492   0.220339   0.254237   0.152542   0.422826 -0.0207823   0.297637   0.125188         59  c
0.0357143         0  0.107143  0.785714 0.0357143 0.0357143         0         0         0         0  0.178571  0.107143  0.428571  0.285714      0.25 0.0357143 0.0357143 0.0714286  0.142857  0.357143  0.107143  0.178571  0.142857 0.0357143 0.0714286  0.142857  0.178571      0.25  0.385157 -0.119624  0.385157         0        28  c
   0.016129           0    0.290323    0.596774   0.0967742           0           0   0.0483871   0.0645161    0.016129    0.548387    0.209677   0.0322581   0.0806452   0.0322581           0    0.016129    0.548387    0.016129    0.193548    0.193548   0.0967742   0.0806452   0.0645161   0.0806452    0.225806     0.16129    0.290323    0.422826 -0.00891484    0.285487    0.137339          62  c
 0.258427  0.146067  0.191011   0.11236  0.179775         0   0.11236  0.370787  0.011236 0.0674157  0.011236         0 0.0337079  0.505618  0.123596 0.0224719         0  0.393258 0.0224719   0.11236  0.325843 0.0561798 0.0674157 0.0561798 0.0674157  0.146067  0.348315  0.258427  0.431202 0.0190847  0.297664  0.133538        89  c
  0.037037  0.0740741   0.333333   0.469136  0.0740741  0.0123457          0   0.160494   0.345679  0.0740741   0.123457   0.234568  0.0493827  0.0123457  0.0246914  0.0246914   0.296296  0.0987654  0.0246914   0.271605   0.259259  0.0123457  0.0493827  0.0740741   0.160494   0.271605   0.246914   0.185185   0.431202 -0.0137868   0.330976   0.100226         81  c
        0         0  0.295082   0.57377  0.131148         0         0 0.0163934  0.278689  0.196721  0.327869 0.0819672 0.0327869 0.0655738  0.311475         0         0 0.0327869  0.409836  0.245902         0 0.0819672 0.0819672  0.114754  0.147541 0.0819672  0.114754  0.377049  0.388623 -0.117039  0.388623         0        61  c
   0.321637   0.0233918   0.0233918    0.116959           0   0.0935673    0.421053   0.0233918     0.25731   0.0818713    0.140351   0.0292398   0.0584795    0.409357           0   0.0233918    0.304094    0.187135    0.280702   0.0994152    0.105263   0.0350877   0.0350877   0.0350877    0.105263    0.251462    0.263158    0.274854     0.41574 -0.00625481    0.283586    0.132154         171  c
   0.36747  0.0240964  0.0060241   0.126506          0  0.0903614   0.385542  0.0180723    0.23494    0.10241   0.144578   0.060241  0.0542169   0.385542          0  0.0240964    0.39759   0.186747   0.228916  0.0542169   0.108434  0.0240964  0.0361446  0.0421687    0.13253   0.259036   0.253012   0.253012    0.41574 -0.0109728   0.289594   0.126146        166  c
 0.0666667   0.233333  0.0777778   0.277778   0.322222  0.0111111  0.0111111   0.322222  0.0555556   0.188889   0.188889        0.1  0.0333333   0.111111   0.255556  0.0888889  0.0888889   0.111111  0.0888889   0.144444   0.222222  0.0666667  0.0444444  0.0888889  0.0777778   0.188889   0.222222   0.311111   0.412096  -0.118564   0.405205 0.00689083         90  c
0.0238095 0.0238095  0.392857  0.369048  0.047619  0.107143 0.0357143   0.22619 0.0714286 0.0952381  0.190476 0.0119048  0.261905  0.142857 0.0238095  0.130952 0.0238095 0.0714286      0.25 0.0357143  0.464286 0.0833333 0.0595238 0.0833333 0.0595238  0.166667  0.238095  0.309524  0.412096 -0.126905  0.412096         0        84  c
  0.157303   0.134831    0.11236   0.224719   0.224719   0.011236   0.134831   0.337079   0.146067   0.101124  0.0786517   0.011236  0.0786517   0.247191   0.213483   0.303371   0.101124   0.011236   0.134831  0.0337079   0.202247  0.0786517  0.0674157  0.0786517  0.0561798   0.146067   0.224719   0.348315   0.412096  -0.113414   0.405664 0.00643203         89  c
  0.151163   0.127907   0.139535    0.22093   0.197674  0.0116279   0.151163   0.337209   0.162791  0.0930233  0.0813954  0.0116279  0.0581395   0.255814    0.22093   0.313953  0.0930233  0.0116279   0.127907  0.0232558   0.209302  0.0930233  0.0697674  0.0813954  0.0581395   0.116279   0.232558   0.348837   0.412096  -0.113542   0.406351 0.00574481         86  c
  0.0333333           0  0.00606061    0.412121           0     0.10303    0.445455   0.0121212   0.0939394    0.142424     0.20303    0.333333    0.215152           0           0   0.0030303   0.0575758    0.275758    0.463636    0.151515   0.0484848   0.0121212   0.0212121   0.0272727    0.142424    0.260606    0.266667    0.269697    0.400978 -0.00348427    0.268952    0.132026         330  c
 0.0242424          0  0.0030303   0.409091          0   0.069697   0.493939  0.0181818  0.0030303   0.178788   0.242424   0.366667   0.190909          0          0          0    0.10303        0.3    0.39697   0.151515  0.0484848 0.00909091  0.0181818  0.0454545   0.172727   0.218182   0.281818   0.254545   0.400978 -0.0118467   0.276963   0.124015        330  c
  0.284672 0.00364964  0.0291971   0.554745          0          0   0.127737  0.0839416   0.313869   0.291971    0.20073  0.0693431  0.0328467 0.00729927  0.0729927   0.145985   0.416058  0.0109489   0.288321  0.0547445  0.0109489  0.0145985  0.0510949   0.109489   0.135036   0.182482   0.259124   0.248175   0.400978  -0.105744   0.372976  0.0280015        274  c
  0.110701 0.00738007  0.0848708   0.560886  0.0295203   0.184502  0.0221402   0.254613   0.147601  0.0184502   0.210332   0.232472  0.0848708  0.0516605  0.0774908   0.095941   0.398524  0.0147601   0.114391   0.287823  0.0110701  0.0332103  0.0516605  0.0922509   0.129151   0.129151   0.247232   0.317343    0.41574  -0.123187   0.400978  0.0147616        271  c
          0           0           0    0.376812   0.0144928           0    0.608696   0.0289855    0.304348    0.130435    0.173913    0.130435    0.144928   0.0869565           0           0   0.0724638    0.057971    0.710145    0.130435   0.0289855   0.0869565   0.0869565    0.130435    0.217391    0.173913    0.173913    0.130435     0.41127 -0.00908038     0.26349     0.14778          69  c
  0.0704225           0           0    0.366197   0.0140845           0    0.549296    0.028169     0.15493    0.225352    0.239437    0.126761    0.112676    0.112676           0   0.0704225   0.0985916   0.0422535    0.619718    0.169014           0   0.0422535    0.084507    0.197183     0.15493     0.15493    0.169014    0.197183    0.443634 -0.00716515    0.275241    0.168393          71  c
  0.0972222           0           0    0.361111   0.0138889           0    0.527778   0.0277778    0.138889    0.222222    0.263889       0.125   0.0972222       0.125           0       0.125   0.0694444   0.0416667    0.597222    0.166667           0   0.0416667   0.0694444    0.194444    0.138889    0.166667    0.180556    0.208333    0.443871 -0.00480307    0.278095    0.165775          72  c
     0.66         0      0.05      0.15         0         0      0.14         0      0.08      0.56      0.16      0.07      0.11      0.02         0      0.11      0.28      0.44      0.13      0.04         0      0.05      0.05      0.06      0.09      0.15      0.27      0.33   0.41127 0.0221932   0.25879   0.15248       100  c
  0.280899   0.101124  0.0337079   0.314607          0          0   0.269663   0.101124   0.393258   0.101124   0.303371  0.0898876   0.011236          0          0   0.134831   0.314607   0.191011   0.280899  0.0786517          0   0.011236          0   0.134831   0.146067   0.134831   0.314607   0.258427    0.41127 -0.0713391   0.347576  0.0636935         89  c
  0.0983607           0    0.131148    0.327869           0   0.0819672    0.360656           0   0.0983607    0.196721    0.114754   0.0983607           0    0.491803    0.196721    0.131148    0.114754   0.0163934    0.278689    0.229508   0.0327869   0.0983607   0.0983607    0.163934   0.0327869    0.196721    0.213115    0.196721     0.41127    -0.15418    0.411025 0.000244975          61  c
 0.0679012          0 0.00617284   0.728395  0.0308642          0   0.166667          0   0.179012   0.104938   0.438272   0.277778          0          0          0  0.0493827   0.197531   0.567901   0.185185          0          0  0.0308642  0.0432099  0.0432099  0.0802469   0.203704   0.320988   0.277778   0.387156 0.00130556   0.257532   0.129623        162  c
   0.12766          0          0   0.787234  0.0496454          0   0.035461          0   0.177305   0.134752   0.404255   0.283688          0          0  0.0141844  0.0638298   0.198582   0.510638   0.212766          0          0  0.0070922  0.0283688   0.070922   0.156028   0.156028   0.241135   0.340426   0.387156 -0.0273375    0.29396  0.0931954        141  c
  0.136364          0          0   0.715909      0.125          0  0.0227273          0   0.147727  0.0681818   0.420455   0.363636          0          0          0   0.193182   0.340909   0.238636   0.227273          0          0  0.0681818  0.0681818  0.0795455  0.0340909   0.159091   0.261364   0.329545   0.263309 -0.0891436   0.257782 0.00552714         88  c
  0.352423  0.0176211  0.0572687   0.352423          0          0   0.220264  0.0264317  0.0704846   0.176211   0.643172  0.0837004          0          0          0 0.00881057   0.061674   0.519824    0.30837  0.0660793  0.0352423  0.0352423   0.030837  0.0352423   0.171806   0.299559   0.242291   0.185022   0.368277 -0.0190852   0.251179   0.117098        227  c
  0.246445  0.0236967  0.0473934   0.374408          0          0   0.308057   0.028436  0.0758294   0.170616   0.668246   0.056872          0          0          0 0.00947867   0.113744   0.473934    0.28436  0.0995261  0.0189573  0.0189573   0.028436  0.0995261   0.175355   0.232227   0.236967   0.208531   0.368277 -0.0429015   0.274079  0.0941981        211  c
 0.234899 0.0134228  0.033557   0.61745         0         0  0.100671 0.0604027  0.194631  0.187919  0.442953 0.0805369  0.033557         0  0.033557 0.0268456  0.315436  0.100671  0.369128  0.134228 0.0201342 0.0469799 0.0604027 0.0805369   0.14094  0.181208  0.342282  0.147651  0.389365 -0.104026   0.36255  0.026815       149  c
 0.0609756 0.00304878  0.0182927   0.658537  0.0152439  0.0243902   0.219512  0.0152439 0.00304878  0.0304878   0.878049  0.0365854          0  0.0365854          0  0.0152439      0.125   0.573171   0.128049   0.137195  0.0213415  0.0213415   0.027439  0.0823171   0.231707   0.204268    0.14939   0.283537   0.365248 -0.0308892   0.251811   0.113437        328  c
 0.0479705          0  0.0184502   0.612546  0.0147601  0.0332103   0.273063 0.00738007  0.0147601   0.177122   0.612546   0.121771  0.0184502  0.0479705          0 0.00369004  0.0774908  0.0590406   0.527675   0.254613  0.0774908 0.00369004  0.0553506   0.110701   0.177122   0.158672   0.324723   0.169742   0.370975 -0.0888231   0.316224  0.0547506        271  c
 0.0714286 0.00420168  0.0378151   0.579832          0  0.0378151   0.268908          0   0.012605   0.239496        0.5   0.155462  0.0210084  0.0714286          0          0  0.0630252  0.0504202   0.533613   0.214286   0.138655  0.0336134  0.0420168  0.0630252   0.180672   0.260504   0.176471   0.243697   0.370975  -0.124155    0.35505  0.0159245        238  c
 0.0884956  0.0265487   0.020649   0.669617  0.0147493  0.0383481   0.141593  0.0176991  0.0176991  0.0442478   0.752212   0.079646 0.00294985  0.0855457          0          0   0.138643   0.525074   0.233038  0.0678466  0.0353982  0.0265487  0.0265487   0.109145   0.300885    0.19469   0.165192   0.176991   0.356461 -0.0265125   0.243716   0.112744        339  c
 0.0808383  0.0269461  0.0209581   0.664671  0.0149701  0.0299401   0.161677  0.0179641  0.0209581  0.0419162   0.748503  0.0748503 0.00898204  0.0868263          0          0   0.137725   0.502994   0.233533  0.0898204  0.0359281  0.0179641  0.0329341   0.134731   0.269461   0.203593   0.209581   0.131737   0.356461 -0.0355663   0.252197   0.104264        334  c
 0.0857143 0.00952381  0.0031746   0.644444  0.0412698  0.0285714   0.187302  0.0222222  0.0222222  0.0507937   0.726984  0.0603175          0    0.11746  0.0031746  0.0412698   0.155556    0.11746    0.44127   0.168254  0.0730159 0.00634921  0.0793651   0.139683   0.196825   0.257143   0.177778   0.142857   0.356461 -0.0895137   0.305038  0.0514227        315  c
 0.0983051 0.00338983  0.0169492    0.60678 0.00677966  0.0169492   0.250847   0.020339  0.0372881  0.0711864   0.701695  0.0474576  0.0135593   0.108475  0.0271186  0.0237288   0.342373   0.179661   0.145763   0.145763   0.135593  0.0271186  0.0813559   0.122034   0.227119   0.145763    0.19661        0.2   0.356461  -0.131734   0.349169   0.007292        295  c
  0.101351 0.00337838  0.0135135   0.608108 0.00675676  0.0304054   0.236486  0.0202703  0.0371622  0.0743243   0.699324  0.0405405  0.0168919   0.111486   0.027027  0.0202703   0.287162   0.236486   0.158784   0.148649   0.121622  0.0371622  0.0709459   0.128378   0.206081   0.168919   0.202703   0.185811   0.356461  -0.123489   0.339611  0.0168496        296  c
