0.0334728 0.0041841  0.686192 0.0125523  0.263598 0.0041841  0.179916  0.543933  0.221757 0.0502092         0 0.0627615  0.405858   0.48954  0.041841 0.0292887 0.0334728 0.0251046 0.0292887  0.882845  0.343232 0.0243937  0.150319  0.192912  c
0.0163934  0.431694  0.377049 0.0874317 0.0874317  0.377049 0.0928962 0.0601093 0.0765027  0.393443  0.169399  0.125683  0.191257 0.0601093  0.453552 0.0327869 0.0273224 0.0327869 0.0655738   0.84153  0.500005 -0.182696  0.481598 0.0184064  c
  0.323671 0.00241546   0.277778 0.00241546    0.39372  0.0241546   0.388889   0.253623   0.330918 0.00241546 0.00483092   0.236715   0.270531   0.478261 0.00966184  0.0169082  0.0217391    0.02657  0.0386473   0.896135   0.263984  0.0466506  0.0496104   0.214374  c
   0.25256 0.00341297   0.658703 0.00682594  0.0784983          0  0.0136519    0.90785  0.0580205  0.0204778  0.0102389   0.112628   0.788396  0.0784983  0.0102389  0.0238908  0.0238908  0.0238908  0.0238908   0.904437   0.363907 -0.0836479   0.296247  0.0676596  c
  0.306383          0   0.163121          0   0.530496  0.0070922   0.253901   0.612766   0.126241          0 0.00141844   0.182979   0.565957   0.249645          0  0.0170213   0.012766  0.0156028  0.0609929   0.893617   0.267519  0.0399909  0.0693383   0.198181  c
   0.27246 0.00147275   0.164948          0   0.561119 0.00736377   0.310751   0.484536   0.197349          0 0.00147275   0.192931   0.365243   0.440353          0  0.0162003   0.011782  0.0162003  0.0456554   0.910162   0.267519  0.0259057  0.0841548   0.183365  c
 0.0197269          0    0.83308          0   0.147193          0  0.0091047   0.937784  0.0500759  0.0030349 0.00151745   0.047041   0.919575  0.0318665          0  0.0136571  0.0136571  0.0151745  0.0561457   0.901366   0.267519   0.017016  0.0935011   0.174018  c
 0.0205696          0   0.827532          0   0.151899          0   0.039557   0.838608   0.118671 0.00316456 0.00158228  0.0506329   0.914557  0.0332278          0 0.00632911  0.0189873  0.0237342   0.056962   0.893987   0.265483 0.00941629   0.099889   0.165594  c
  0.196429          0    0.78125 0.00223214  0.0200893          0  0.0357143   0.816964   0.142857 0.00446429 0.00223214   0.136161   0.803571  0.0580357          0  0.0178571  0.0178571  0.0267857  0.0647321   0.872768   0.263768  -0.094156   0.216682  0.0470862  c
0.000888889 0.000888889    0.865778           0    0.132444           0       0.008    0.967111       0.024 0.000888889           0   0.0284444       0.936   0.0346667 0.000888889   0.0115556  0.00888889   0.0231111   0.0595556    0.896889    0.286721   0.0474994   0.0669851    0.219736  c
  0.0138889 0.000868056    0.860243           0       0.125           0  0.00607639    0.971354   0.0217014 0.000868056           0   0.0338542    0.927083   0.0381944 0.000868056  0.00868056   0.0104167   0.0355903   0.0434028     0.90191    0.286721   0.0591502    0.056778    0.229943  c
          0 0.000913242     0.86484           0    0.134247           0   0.0547945    0.909589   0.0347032 0.000913242           0   0.0255708    0.938813   0.0347032 0.000913242   0.0100457  0.00913242   0.0146119   0.0721461    0.894064    0.284955   0.0398966   0.0744588    0.210496  c
          0 0.000974659    0.855751           0    0.143275           0    0.076998    0.866472   0.0555556 0.000974659           0   0.0136452    0.961988   0.0233918 0.000974659  0.00779727   0.0107212   0.0233918   0.0682261    0.889864    0.284131   0.0190982   0.0954478    0.188683  c
  0.134986          0   0.830579          0  0.0344353          0   0.077135   0.796143   0.123967 0.00275482          0  0.0151515   0.951791  0.0330578          0  0.0123967  0.0123967   0.023416  0.0564738   0.895317   0.269069 -0.0856435   0.201538  0.0675311  c
   0.011045  0.00169924    0.885302           0    0.101954           0 0.000849618    0.988105   0.0101954 0.000849618           0   0.0229397    0.953271   0.0229397 0.000849618   0.0118946  0.00934579   0.0484282    0.057774    0.872557    0.262003   0.0382152   0.0648677    0.197136  c
  0.0119863  0.00171233    0.885274           0    0.101027           0 0.000856164     0.96661   0.0316781 0.000856164           0   0.0231164    0.956336   0.0196918 0.000856164   0.0111301  0.00941781   0.0462329   0.0642123    0.869007    0.261771     0.03465   0.0688794    0.192892  c
  0.0130208  0.00173611    0.884549           0    0.100694           0   0.0321181    0.912326   0.0546875 0.000868056           0   0.0190972    0.962674   0.0173611 0.000868056   0.0104167  0.00954861    0.046875   0.0685764    0.864583    0.261771    0.022307   0.0824335    0.179338  c
  0.0114638  0.00176367    0.882716           0    0.104056           0   0.0440917    0.891534   0.0634921 0.000881834           0   0.0149912    0.965608   0.0185185 0.000881834  0.00793651   0.0114638   0.0326279   0.0837743    0.864198    0.261771  0.00833955   0.0977433    0.164028  c
  0.0961905 0.000952381    0.872381           0   0.0304762           0   0.0828571    0.852381   0.0638095 0.000952381           0           0    0.951429    0.047619 0.000952381  0.00761905   0.0114286   0.0304762   0.0638095    0.886667    0.266592  -0.0706549    0.187316   0.0792758  c
   0.120707           0    0.861629           0   0.0176644           0   0.0804711    0.831207   0.0873405 0.000981354           0   0.0107949    0.924436    0.063788 0.000981354   0.0107949  0.00981354   0.0176644   0.0902846    0.871443    0.284955  -0.0939857    0.229676    0.055279  c
   0.122409           0    0.862784           0   0.0148075           0    0.082922    0.811451     0.10464 0.000987167           0   0.0148075     0.92695   0.0572557 0.000987167    0.011846  0.00987167   0.0167818   0.0898322    0.871668    0.284955  -0.0938652    0.230349   0.0546055  c
  0.0114943 0.000957854    0.909004           0   0.0785441           0           0    0.991379  0.00766284 0.000957854           0   0.0287356    0.931992   0.0383142 0.000957854     0.01341   0.0124521   0.0814176    0.105364    0.787356    0.250288   0.0174017    0.080657    0.169631  c
  0.0125604 0.000966184    0.908213           0   0.0782609           0 0.000966184    0.971014   0.0270531 0.000966184           0   0.0241546    0.944928   0.0299517 0.000966184   0.0125604   0.0115942   0.0782609    0.117874     0.77971    0.248208  0.00329963   0.0935266    0.154681  c
  0.0126706 0.000974659    0.907407           0   0.0789474           0   0.0116959    0.957115   0.0302144 0.000974659           0   0.0243665    0.949318   0.0253411 0.000974659   0.0107212   0.0116959   0.0789474    0.121832    0.776803    0.246158 -0.00370507    0.099313    0.146845  c
  0.0128458  0.00197628    0.900198           0   0.0849802           0   0.0237154    0.961462    0.013834 0.000988142           0  0.00197628    0.974308   0.0217391  0.00197628  0.00296443   0.0296443   0.0543478    0.120553     0.79249     0.24544  -0.0380202    0.134168    0.111271  c
  0.100815 0.00101833   0.884929          0  0.0132383          0  0.0346232   0.916497  0.0478615 0.00101833          0 0.00509165   0.930754  0.0631365 0.00101833  0.0112016  0.0224033  0.0570265   0.098778   0.810591   0.242689  -0.103126   0.200407  0.0422826  c
  0.102669 0.00102669   0.883984          0  0.0123203          0 0.00616016   0.950719  0.0420945 0.00102669          0 0.00513347   0.927105  0.0667351 0.00102669  0.0123203   0.023614  0.0605749  0.0913758   0.812115   0.242689   -0.10784   0.206229  0.0364604  c
 0.100414 0.0010352  0.885093         0 0.0134576         0 0.0010352  0.959627 0.0383023 0.0010352         0 0.0010352  0.942029 0.0559006 0.0010352 0.0144928 0.0238095 0.0569358 0.0952381  0.809524  0.242689 -0.104933  0.203667 0.0390217  c
  0.165829  0.0150754   0.703518  0.0100503   0.105528  0.0301508 0.00502513   0.829146   0.115578  0.0201005  0.0251256  0.0452261   0.849246  0.0502513  0.0301508  0.0150754  0.0301508  0.0603015  0.0854271   0.809045    0.49477  -0.026092   0.384744   0.110027  c
 0.173333 0.0333333  0.726667 0.0133333 0.0533333 0.0466667 0.0133333  0.726667      0.16 0.0533333 0.0133333  0.266667       0.6 0.0933333 0.0266667      0.04      0.04 0.0466667 0.0333333      0.84   0.49477 -0.107773  0.458249 0.0365212  c
 0.173333      0.02  0.726667 0.0133333 0.0666667 0.0466667         0  0.753333  0.146667 0.0533333 0.0133333      0.24  0.686667 0.0333333 0.0266667 0.0466667      0.04 0.0466667 0.0266667      0.84   0.49477  -0.10351  0.455435 0.0393353  c
  0.180371          0    0.67374  0.0106101   0.135279 0.00530504   0.061008   0.801061   0.116711  0.0159151 0.00795756   0.196286    0.61008   0.169761  0.0159151  0.0159151  0.0185676  0.0212202   0.066313   0.877984   0.243377 0.00109671  0.0949187   0.148458  c
  0.194444          0   0.761905  0.0198413  0.0238095 0.00793651  0.0396825   0.781746   0.154762   0.015873 0.00793651   0.234127   0.706349  0.0396825  0.0119048  0.0277778  0.0277778  0.0277778  0.0396825   0.876984   0.245878 -0.0997058   0.191645  0.0542331  c
  0.177866          0   0.762846  0.0158103  0.0434783 0.00790514  0.0869565   0.711462    0.16996  0.0237154 0.00790514   0.252964   0.664032  0.0632411  0.0118577  0.0316206   0.027668   0.027668  0.0395257   0.873518   0.243377 -0.0962086   0.187154  0.0562232  c
 0.0327613 0.00156006   0.817473 0.00312012   0.145086          0  0.0951638   0.767551   0.124805  0.0124805          0  0.0280811   0.369735   0.594384 0.00780031  0.0156006  0.0218409  0.0140406  0.0795632   0.868955   0.263322  0.0372549  0.0703292   0.192992  c
 0.0107198 0.00153139   0.817764 0.00306279   0.166922          0  0.0168453   0.885145  0.0872894  0.0107198          0  0.0290965   0.656968   0.306279 0.00765697 0.00765697  0.0260337  0.0199081  0.0842266   0.862175   0.263322  0.0534236  0.0545497   0.208772  c
         0 0.00253807   0.854061 0.00253807   0.140863          0  0.0177665   0.961929  0.0126904 0.00761421          0   0.035533   0.810914   0.147208 0.00634518 0.00507614  0.0203046  0.0532995  0.0444162   0.876904   0.282417   0.109763          0   0.282417  c
         0 0.00260756   0.847458 0.00260756   0.147327          0  0.0182529   0.963494  0.0104302 0.00782269          0  0.0443286   0.838331   0.110821 0.00651891 0.00521512 0.00521512   0.071708  0.0430248   0.874837   0.282417  0.0987271  0.0116606   0.270756  c
         0 0.00258732   0.849935 0.00129366   0.146184          0  0.0181113   0.963777 0.00905563 0.00905563          0  0.0478655   0.827943   0.117723 0.00646831 0.00517464 0.00388098  0.0698577  0.0439845   0.877102   0.282417   0.102315 0.00936222   0.273055  c
  0.0728597  0.00182149    0.797814  0.00364299    0.123862           0   0.0364299    0.859745   0.0928962    0.010929           0   0.0692168    0.907104   0.0182149  0.00546448  0.00182149   0.0182149   0.0437158   0.0582878     0.87796    0.263322 0.000815659    0.111338    0.151984  c
  0.238727          0   0.740053 0.00530504  0.0159151          0  0.0424403   0.803714   0.135279  0.0185676          0   0.204244   0.737401  0.0503979 0.00795756  0.0212202  0.0212202  0.0159151  0.0291777   0.912467    0.24989 -0.0915203   0.200663  0.0492272  c
0.00346021 0.00461361   0.899654          0  0.0922722          0  0.0334487   0.905421  0.0565167 0.00461361          0  0.0426759   0.912341  0.0426759  0.0023068   0.011534   0.011534  0.0288351  0.0761246   0.871972   0.331726  0.0113651   0.147525   0.184201  c
   0.37936          0    0.12936          0   0.491279 0.00436047  0.0436046   0.902616  0.0494186          0          0  0.0334302   0.905523   0.059593 0.00145349 0.00145349  0.0305233  0.0392442  0.0465116   0.882267   0.284995 -0.0539544   0.178013   0.106982  c
  0.089141 0.00162075    0.84765 0.00162075  0.0599676          0  0.0615883   0.820097   0.110211 0.00810373          0  0.0907618   0.823339  0.0810373 0.00486224  0.0145867  0.0162075  0.0275527  0.0453809   0.896272   0.284995 -0.0957142   0.221992  0.0630023  c
  0.105882 0.00168067   0.843697 0.00168067  0.0470588          0  0.0588235   0.843697  0.0890756 0.00840336          0   0.097479   0.811765  0.0857143 0.00504202  0.0168067  0.0168067  0.0201681  0.0487395   0.897479   0.284995 -0.0995741   0.226429  0.0585654  c
   0.11399 0.00172712   0.841105 0.00172712  0.0414508          0  0.0569948   0.830743     0.1019  0.0103627          0   0.100173   0.806563  0.0880829 0.00518135  0.0189983  0.0172712  0.0138169  0.0500864   0.899827   0.284995  -0.101732   0.228802  0.0561929  c
  0.015448 0.00205973   0.897013          0  0.0854789  0.0319258  0.0226571   0.913491  0.0319258          0          0  0.0926879   0.762101   0.143151 0.00205973  0.0113285  0.0319258  0.0442842  0.0494336   0.863028   0.400135  0.0373125   0.184605    0.21553  c
 0.0155119 0.00206825   0.896587          0  0.0858325  0.0341262  0.0217166   0.908997  0.0351603          0          0  0.0930714   0.753878   0.150982 0.00206825  0.0103413  0.0361944   0.041365  0.0486039   0.863495   0.400135   0.036997   0.185081   0.215054  c
 0.0186528 0.00207254   0.896373          0  0.0829016  0.0331606  0.0145078   0.902591  0.0497409          0          0  0.0891192   0.765803   0.143005 0.00207254   0.011399  0.0207254  0.0518135   0.053886   0.862176   0.400135  0.0280968   0.195889   0.204246  c
 0.0295931 0.00123305   0.913687          0  0.0554871 0.00369914   0.027127   0.895191  0.0702836 0.00369914          0  0.0591862   0.869297  0.0702836 0.00123305  0.0110974  0.0123305  0.0283601  0.0752158   0.872996   0.400135 -0.0997763   0.333552  0.0665832  c
 0.0618557 0.00128866    0.91366          0  0.0231959 0.00257732  0.0270619   0.873711  0.0927835 0.00386598          0  0.0515464   0.865979  0.0811856 0.00128866  0.0141753  0.0115979  0.0128866  0.0966495   0.864691   0.400135  -0.116068   0.351746  0.0483892  c
 0.0251256 0.00125628   0.915829          0  0.0577889 0.00376884  0.0276382   0.886935  0.0778894 0.00376884          0  0.0665829   0.865578  0.0665829 0.00125628  0.0138191  0.0125628  0.0175879  0.0829146   0.873116   0.400135   -0.10122   0.336038  0.0640974  c
 0.0676203 0.00130039   0.914174          0  0.0169051 0.00260078  0.0117035   0.910273  0.0715215 0.00390117          0  0.0429129   0.884265  0.0715215 0.00130039  0.0169051  0.0130039 0.00650195  0.0923277   0.871261   0.400135  -0.113931   0.350142  0.0499935  c
  0.529138  0.0011655   0.100233          0   0.369464          0  0.0675991   0.863636  0.0128205  0.0559441          0   0.027972   0.848485   0.123543          0  0.0034965  0.0361305   0.044289  0.0932401   0.822844   0.400135 -0.0845188   0.311752   0.088383  c
 0.0183374 0.00244499   0.888753 0.00122249  0.0892421  0.0464548  0.0195599   0.848411  0.0831296 0.00244499          0  0.0721271   0.839853  0.0867971 0.00122249  0.0134474  0.0158924  0.0452323  0.0733496   0.852078   0.400135  -0.132059   0.362956  0.0371792  c
