0.173077          0   0.717949 0.00641026   0.102564 0.00961538  0.0320513   0.887821  0.0576923  0.0128205 0.00961538  0.0416667   0.935897  0.0128205          0  0.0416667  0.0384615  0.0448718  0.0384615   0.836538   0.164682 0.00688893  0.0768939  0.0877879  l
  0.203822          0   0.713376 0.00636943  0.0764331  0.0127389  0.0350318    0.88535  0.0541401  0.0127389 0.00955414  0.0414013    0.93949 0.00955414          0  0.0414013  0.0382166   0.044586  0.0382166    0.83758   0.167065 0.00533064  0.0789918  0.0880728  l
  0.218354          0   0.718354 0.00316456  0.0601266  0.0126582  0.0348101   0.886076  0.0537975  0.0126582 0.00949367  0.0411392   0.936709  0.0126582          0  0.0411392  0.0379747  0.0443038  0.0379747   0.838608   0.167065 0.00335169  0.0810369  0.0860276  l
  0.219048  0.0031746   0.720635  0.0031746  0.0539683  0.0126984  0.0349206   0.892063   0.047619  0.0126984 0.00952381  0.0444444   0.933333  0.0126984          0  0.0412698  0.0380952  0.0444444  0.0380952   0.838095   0.165804 0.00353157  0.0805596  0.0852443  l
          0 0.000645578    0.853454    0.103292   0.0426081  0.00193673   0.0671401    0.896708   0.0342156           0   0.0710136    0.125242    0.789542   0.0129116  0.00129116   0.0161394    0.016785   0.0800516    0.074887    0.812137     0.54332  -0.0235775    0.456031   0.0872892  l
          0 0.000645995    0.854651    0.101421   0.0432817  0.00129199   0.0645995    0.900517   0.0335917           0   0.0697674    0.123385     0.79199   0.0135659  0.00129199   0.0161499   0.0174419   0.0801034   0.0742894    0.812016    0.543359  -0.0220953    0.455436   0.0879226  l
          0 0.000645995    0.856589   0.0994832   0.0432817 0.000645995   0.0626615    0.903101   0.0335917           0   0.0684755    0.122093    0.794574   0.0135659  0.00129199   0.0161499   0.0174419   0.0794574   0.0762274    0.810724    0.543359  -0.0213933    0.455469   0.0878898  l
0.000645578 0.000645578    0.859264   0.0955455   0.0438993 0.000645578   0.0606843    0.908974   0.0296966           0   0.0639122    0.120077    0.801162   0.0135571  0.00129116   0.0161394    0.016785   0.0794061   0.0684312    0.819238    0.543359  -0.0293994    0.464353   0.0790063  l
          0 0.000647249    0.860841   0.0938511   0.0446602 0.000647249   0.0563107    0.914563    0.028479           0   0.0673139     0.11521    0.802589   0.0135922   0.0012945   0.0161812   0.0168285   0.0796117   0.0757282    0.811651    0.543359   -0.022537     0.45866   0.0846994  l
          0 0.000646831    0.862872   0.0918499   0.0446313 0.000646831   0.0543338    0.915265   0.0297542           0   0.0659767    0.114489    0.804657   0.0135834  0.00129366   0.0161708   0.0181113   0.0776197    0.080207    0.807891    0.543359  -0.0197306    0.456735   0.0866237  l
          0           0     0.98787           0   0.0121304  0.00075815           0    0.998484  0.00075815           0           0  0.00227445    0.994693  0.00227445  0.00075815   0.0212282   0.0416983   0.0978014    0.070508    0.768764    0.169661 -0.00808555   0.0923278   0.0773329  l
          0           0    0.987888 0.000757002    0.011355 0.000757002           0    0.998486 0.000757002           0           0 0.000757002    0.996215  0.00227101 0.000757002   0.0204391   0.0423921   0.0976533   0.0711582    0.768357    0.173535 -0.00879385   0.0933782   0.0801569  l
          0           0    0.987906 0.000755858   0.0113379 0.000755858           0    0.998488 0.000755858           0           0           0    0.996977  0.00226757 0.000755858   0.0204082   0.0415722   0.0982615   0.0710506    0.768707    0.173535  -0.0095034   0.0944411   0.0790941  l
          0           0    0.987906 0.000755858   0.0113379 0.000755858           0    0.998488 0.000755858           0           0           0    0.996977  0.00226757 0.000755858   0.0204082   0.0415722   0.0967498   0.0733182    0.767952    0.172814   -0.010844   0.0955089   0.0773052  l
  0.196396  0.0018018   0.706306  0.0018018  0.0936937 0.00540541  0.0216216   0.918919  0.0432432  0.0108108  0.0036036   0.018018   0.953153  0.0198198 0.00540541   0.027027  0.0288288   0.027027   0.027027    0.89009    0.15016 0.00536766  0.0771453  0.0730147  l
  0.187387  0.0018018   0.706306          0   0.104505 0.00540541  0.0198198   0.922523  0.0414414  0.0108108  0.0036036   0.018018   0.954955   0.018018 0.00540541   0.027027  0.0288288   0.027027   0.027027    0.89009    0.15016 0.00593202  0.0774016  0.0727584  l
  0.210432 0.00359712   0.284173 0.00179856        0.5  0.0107914  0.0431655   0.920863  0.0179856 0.00719424 0.00359712  0.0179856   0.956835   0.016187 0.00539568  0.0269784   0.028777  0.0269784  0.0269784   0.890288   0.150584 0.00564659   0.078337  0.0722473  l
  0.177738 0.00359066   0.285458 0.00179533   0.531418 0.00897666  0.0394973   0.922801   0.021544 0.00718133 0.00359066  0.0197487   0.956912   0.016158 0.00359066    0.02693  0.0287253  0.0251346  0.0287253   0.890485   0.155242 0.00365373  0.0807426  0.0744994  l
  0.169369  0.0018018   0.286486  0.0018018   0.540541  0.0108108  0.0828829   0.841441  0.0576577 0.00720721  0.0036036  0.0198198   0.956757  0.0162162  0.0036036   0.027027  0.0288288   0.027027   0.027027    0.89009   0.155357 0.00248603  0.0824981  0.0728588  l
  0.0361011           0    0.749699   0.0601685    0.154031   0.0722022    0.162455    0.507822    0.246691   0.0108303    0.032491    0.211793     0.33935    0.415162  0.00120337   0.0204573   0.0204573   0.0204573   0.0204573    0.918171     0.52881 -0.00219947    0.436215   0.0925953  l
  0.0417163           0    0.750894   0.0607866    0.146603     0.11323    0.137068    0.367104    0.370679    0.011919   0.0333731     0.25149    0.203814    0.510131   0.0011919   0.0190703   0.0214541   0.0202622   0.0190703    0.920143    0.488321 0.000354494    0.392457   0.0958638  l
   0.0273484            0     0.747919    0.0618312     0.162901    0.0368609     0.118906     0.744352    0.0844233    0.0154578    0.0332937     0.151011      0.78478    0.0297265   0.00118906     0.020214     0.020214     0.020214    0.0214031     0.917955      0.48882 -8.31871e-05     0.393813    0.0950072  l
  0.0295858           0    0.749112    0.060355    0.160947   0.0366864    0.133728    0.732544   0.0816568   0.0153846   0.0331361    0.152663    0.782248   0.0307692  0.00118343   0.0201183   0.0201183   0.0201183   0.0213018    0.918343     0.48882 0.000614125     0.39351   0.0953102  l
 0.0246479          0   0.748826  0.0610329   0.165493   0.036385   0.117371   0.748826  0.0821596  0.0152582  0.0328638   0.150235   0.785211  0.0293427 0.00234742  0.0187793  0.0211268  0.0199531  0.0223005    0.91784   0.491226  0.0018108   0.393195   0.098031  l
  0.344224 0.00700117   0.190198          0   0.458576  0.0221704  0.0711785   0.770128   0.129522 0.00700117  0.0315052   0.149358   0.786464  0.0303384 0.00233372  0.0198366  0.0198366  0.0198366  0.0221704    0.91832   0.492479 0.00213007   0.393696  0.0987837  l
  0.0291715           0    0.746791   0.0618436    0.162194   0.0350058    0.127188    0.738623   0.0851809   0.0140023   0.0315052    0.147024    0.788798   0.0303384  0.00233372   0.0198366   0.0198366   0.0198366   0.0221704     0.91832    0.492479 0.000990592    0.395015   0.0974646  l
  0.322506 0.00696056   0.192575          0   0.477958  0.0220418  0.0719258   0.774942    0.12413 0.00696056  0.0313225   0.146172   0.791183  0.0290023 0.00232019  0.0197216  0.0197216  0.0197216  0.0220418   0.918793   0.492479 0.00133201   0.395497  0.0969822  l
  0.0208092           0    0.743353   0.0647399    0.171098   0.0138728    0.112139    0.783815   0.0763006   0.0138728   0.0312139    0.143353     0.79422   0.0289017  0.00231214   0.0196532   0.0196532   0.0208092   0.0196532    0.920231    0.493675 0.000815977      0.3968   0.0968752  l
 0.0241935          0    0.74424  0.0633641   0.168203  0.0138249   0.110599   0.786866  0.0748848  0.0138249  0.0322581   0.140553   0.794931  0.0299539 0.00230415  0.0195853  0.0195853  0.0207373  0.0195853   0.920507   0.493675 0.00053712    0.39768  0.0959957  l
 0.0452148 0.00301432   0.837227          0   0.114544  0.0037679  0.0256217   0.965335  0.0037679 0.00150716          0  0.0120573   0.958553  0.0248681 0.00452148  0.0158252  0.0135644  0.0158252  0.0700829   0.884702   0.415351 0.00951338    0.23313   0.182221  l
 0.00134409 0.000672043    0.854839   0.0571237   0.0860215 0.000672043   0.0672043    0.902554   0.0248656   0.0047043   0.0208333    0.145833    0.796371   0.0329301  0.00403226    0.015457   0.0147849   0.0409946   0.0745968    0.854167    0.509391 -0.00940626    0.413937   0.0954537  l
  0.0114555 0.000673854    0.856469   0.0559299   0.0754717 0.000673854   0.0633423    0.907682   0.0235849  0.00471698   0.0215633    0.139488    0.802561    0.032345  0.00404313   0.0154987   0.0148248   0.0397574   0.0761456    0.853774    0.509391  -0.0110096    0.416551     0.09284  l
0.000670691 0.000670691    0.855801    0.056338   0.0865191 0.000670691   0.0596915    0.911469   0.0234742  0.00469484   0.0234742    0.136821    0.802146   0.0335345  0.00402414   0.0154259   0.0147552   0.0429242    0.073776    0.853119    0.509391 -0.00753776    0.413603    0.095788  l
          0 0.000670691    0.856472   0.0549966   0.0878605 0.000670691   0.0570087    0.916834   0.0207914  0.00469484   0.0254863    0.130785    0.806841   0.0328638  0.00402414   0.0154259   0.0147552   0.0429242   0.0731053    0.853789    0.513711 -0.00521747    0.412311    0.101399  l
0.000671592 0.000671592    0.857623   0.0537273   0.0873069 0.000671592   0.0530557    0.921424   0.0201478  0.00470114   0.0261921    0.126931    0.809268   0.0335796  0.00402955   0.0154466    0.014775   0.0416387   0.0752183    0.852921    0.513711 -0.00671498    0.414351   0.0993602  l
  0.0114247 0.000672043    0.856855   0.0530914    0.077957 0.000672043   0.0504032    0.924731   0.0201613  0.00403226   0.0241935    0.122984    0.817204    0.031586  0.00403226    0.015457   0.0147849   0.0403226   0.0772849    0.852151    0.513711  -0.0102265    0.418614   0.0950966  l
  0.0181696 0.000672947    0.859354   0.0504711   0.0713324 0.000672947   0.0471063     0.92934   0.0195155  0.00336474   0.0242261    0.117766    0.820323   0.0336474  0.00403769   0.0154778   0.0148048   0.0437416   0.0740242    0.851952    0.513711  -0.0126426    0.421762   0.0919492  l
 0.00402685 0.000671141    0.861074   0.0496644   0.0845638 0.000671141   0.0436242    0.933557   0.0187919   0.0033557   0.0255034    0.114765     0.82349   0.0322148  0.00402685   0.0154362   0.0147651   0.0416107   0.0758389    0.852349     0.51725 -0.00787354     0.41821   0.0990403  l
 0.00201478 0.000671592    0.862995    0.047683   0.0866353 0.000671592   0.0396239    0.937542   0.0188046  0.00335796   0.0255205    0.110813    0.828744   0.0308932  0.00402955   0.0154466    0.014775   0.0416387   0.0745467    0.853593     0.51725 -0.00665806    0.417995   0.0992548  l
 0.00268637 0.000671592    0.863667   0.0470114   0.0859637 0.000671592   0.0369375      0.9409    0.018133  0.00335796   0.0261921    0.106783    0.832102   0.0308932  0.00402955   0.0154466    0.014775   0.0423103   0.0758899    0.851578     0.51725 -0.00687811     0.41889   0.0983593  l
  0.0147849 0.000672043    0.864247    0.046371   0.0739247 0.000672043   0.0336022    0.944892   0.0174731  0.00336022   0.0255376    0.102823    0.837366   0.0302419  0.00403226    0.015457   0.0147849   0.0430108   0.0739247    0.852823     0.51725 -0.00922402    0.422018    0.095232  l
 0.00069541  0.00139082    0.929068           0   0.0688456  0.00208623  0.00417246     0.99235  0.00069541  0.00069541           0           0    0.986092   0.0111266  0.00278164   0.0173853   0.0180807   0.0848401   0.0876217    0.792072    0.203858 -0.00150531   0.0981731    0.105685  l
          0  0.00139276    0.928273           0   0.0703343  0.00208914  0.00417827     0.99234 0.000696379 0.000696379           0           0    0.986769   0.0104457  0.00278552   0.0174095   0.0188022   0.0835655   0.0905292    0.789694    0.203858 -0.00078193   0.0978258    0.106033  l
          0  0.00139276    0.928273           0   0.0703343  0.00208914  0.00417827     0.99234 0.000696379 0.000696379           0           0    0.986769   0.0104457  0.00278552   0.0174095   0.0188022   0.0842618   0.0891365     0.79039    0.199137 0.000948468   0.0920997    0.107038  l
          0  0.00139567    0.928123           0   0.0704815  0.00209351  0.00418702    0.992324 0.000697837 0.000697837           0           0    0.986043   0.0111654  0.00279135   0.0174459   0.0195394   0.0844382   0.0900209    0.788556    0.200027  0.00243484   0.0910735    0.108954  l
          0  0.00139179    0.926235           0    0.072373  0.00208768  0.00417537    0.992345 0.000695894 0.000695894           0           0    0.986082   0.0104384  0.00347947   0.0173974   0.0187891    0.085595   0.0862909    0.791928    0.202539 0.000673069   0.0933266    0.109213  l
 0.00485101 0.000693001    0.872488   0.0921691    0.029799           0    0.046431    0.943174    0.010395           0     0.04851    0.135828    0.800416    0.014553 0.000693001    0.018711    0.033957   0.0921691   0.0644491    0.790714    0.497302  -0.0328252    0.408722   0.0885794  l
          0 0.000694927    0.875608   0.0903405   0.0333565           0   0.0444753    0.947186  0.00833912           0   0.0493398    0.132036     0.80542   0.0125087 0.000694927    0.018763    0.038221    0.085476   0.0674079    0.790132    0.497442  -0.0268246    0.403937   0.0935051  l
0.000694444 0.000694444    0.878472      0.0875   0.0326389           0   0.0416667    0.950694  0.00763889           0   0.0465278    0.131944    0.808333      0.0125 0.000694444     0.01875      0.0375      0.0875   0.0652778    0.790972    0.497442  -0.0274204     0.40536    0.092082  l
 0.00487805 0.000696864    0.884321   0.0815331   0.0285714           0   0.0369338    0.956794  0.00627178           0    0.041115     0.13101    0.814634   0.0125436 0.000696864   0.0188153   0.0327526   0.0926829   0.0662021    0.789547    0.497442  -0.0298406    0.409545   0.0878963  l
 0.00419287 0.000698812    0.889588   0.0768693   0.0286513           0   0.0328442    0.962264  0.00489168           0    0.037037     0.12928    0.821104   0.0118798 0.000698812   0.0188679    0.033543   0.0936408   0.0656883     0.78826    0.497442  -0.0283391    0.409578   0.0878642  l
 0.00420757 0.000701262    0.894811     0.07223   0.0280505           0   0.0287518    0.968443  0.00280505           0   0.0329593    0.128331    0.826788   0.0112202 0.000701262   0.0189341   0.0343619   0.0932679   0.0659187    0.787518    0.499874  -0.0259121    0.408047   0.0918269  l
 0.00420757 0.000701262    0.898317   0.0687237   0.0280505           0   0.0252454     0.97195  0.00280505           0    0.029453    0.129032    0.829593   0.0112202 0.000701262   0.0189341   0.0357644   0.0911641   0.0673212    0.786816    0.501272  -0.0264126    0.409453    0.091819  l
0.000704225 0.000704225    0.902817    0.065493   0.0302817           0   0.0211268    0.977465  0.00140845           0   0.0274648    0.126761    0.835211  0.00985915 0.000704225   0.0190141   0.0373239   0.0887324   0.0690141    0.785915    0.501272  -0.0221747    0.406695   0.0945771  l
 0.00141343 0.000706714    0.909541    0.059364   0.0289753           0   0.0162544    0.982332 0.000706714 0.000706714   0.0233216    0.124382    0.842403  0.00918728 0.000706714   0.0190813   0.0374558   0.0897527   0.0664311    0.787279    0.501272  -0.0218252    0.408089   0.0931826  l
  0.289655 0.00689655   0.234483          0   0.468966  0.0206897   0.227586   0.496552   0.241379  0.0137931  0.0137931  0.0275862   0.958621          0          0  0.0758621  0.0689655  0.0689655  0.0689655   0.717241   0.135581 0.00783331  0.0669146  0.0686662  l
 0.0958904   0.171233   0.609589 0.00684932   0.116438   0.191781   0.150685   0.239726   0.191781   0.226027 0.00684932          0   0.705479          0   0.287671  0.0753425  0.0684932  0.0684932  0.0684932   0.719178   0.137645 0.00820328  0.0670516  0.0705929  l
  0.124138          0   0.751724 0.00689655   0.117241 0.00689655  0.0827586   0.834483  0.0482759  0.0275862  0.0137931  0.0344828   0.951724          0          0  0.0758621  0.0689655  0.0689655  0.0689655   0.717241   0.139141 0.00835341  0.0666523  0.0724885  l
  0.195652          0   0.753623 0.00724638  0.0434783 0.00724638  0.0797101   0.833333  0.0507246  0.0289855  0.0144928  0.0362319   0.949275          0          0  0.0797101  0.0724638  0.0724638  0.0724638   0.702899   0.137683   0.005372  0.0675597  0.0701234  l
 0.149451 0.00659341   0.604396  0.0879121   0.151648  0.0351648  0.0725275   0.813187  0.0351648   0.043956  0.0857143   0.103297   0.762637  0.0395604 0.00879121  0.0285714  0.0307692  0.0307692  0.0307692   0.879121   0.535053 -0.0094248   0.444235  0.0908184  l
   0.151982  0.00660793    0.605727   0.0859031     0.14978   0.0330396   0.0748899    0.812775   0.0374449   0.0418502   0.0837004    0.101322     0.76652   0.0396476  0.00881057   0.0286344    0.030837    0.030837    0.030837    0.878855    0.535053 -0.00960117    0.446061   0.0889924  l
   0.146288  0.00655022    0.613537   0.0851528    0.148472   0.0305677    0.069869    0.825328   0.0349345   0.0393013   0.0829694    0.100437    0.772926   0.0349345  0.00873362   0.0305677   0.0283843   0.0327511   0.0305677    0.877729    0.535053 -0.00747797    0.445336   0.0897171  l
   0.122271  0.00655022    0.615721   0.0829694    0.172489   0.0327511   0.0720524    0.816594   0.0371179   0.0414847    0.080786   0.0960699    0.777293   0.0371179  0.00873362   0.0305677   0.0283843   0.0305677   0.0305677    0.879913    0.535536 -0.00883327    0.447796   0.0877404  l
  0.119082          0   0.790531          0  0.0903874  0.0071736  0.0172166   0.946915  0.0186514   0.010043 0.00430416  0.0129125    0.97274  0.0071736 0.00286944  0.0243902  0.0229555  0.0229555  0.0229555   0.906743   0.173858  0.0149079  0.0818653  0.0919924  l
  0.148844 0.00144509   0.789017          0  0.0606936 0.00722543   0.017341   0.945087  0.0202312  0.0101156 0.00433526  0.0130058   0.973988 0.00578035 0.00289017  0.0245665  0.0231214  0.0231214  0.0231214   0.906069   0.173041  0.0129857   0.083364  0.0896771  l
  0.148256          0   0.790698          0  0.0610465 0.00726744  0.0174419   0.940407  0.0247093  0.0101744 0.00436047  0.0130814   0.973837 0.00581395 0.00290698  0.0247093  0.0232558  0.0232558  0.0232558   0.905523   0.173041  0.0119845  0.0849025  0.0881386  l
  0.110791          0   0.792806          0  0.0964029 0.00719424  0.0172662   0.939568  0.0258993  0.0100719 0.00431655  0.0129496   0.974101  0.0057554  0.0028777  0.0244604  0.0230216  0.0230216  0.0230216   0.906475   0.175411  0.0137271   0.084008   0.091403  l
 0.0729614          0   0.796853 0.00286123   0.127325 0.00572246  0.0572246   0.872675  0.0515021  0.0128755 0.00286123  0.0143062   0.972818 0.00572246 0.00429185  0.0243205  0.0228898  0.0228898  0.0228898    0.90701   0.173355  0.0157814  0.0810475  0.0923076  l
  0.156433 0.00292398   0.201754          0   0.638889 0.00877193  0.0862573   0.799708  0.0950292  0.0102339 0.00292398  0.0175439   0.837719   0.137427 0.00438596  0.0248538  0.0233918  0.0233918  0.0233918   0.904971   0.173355  0.0118418  0.0849912  0.0883639  l
  0.118497          0   0.796243          0  0.0852601 0.00722543  0.0187861   0.939306  0.0245665  0.0101156 0.00433526  0.0130058   0.973988 0.00433526 0.00433526  0.0245665  0.0231214  0.0231214  0.0231214   0.906069   0.175834  0.0127066  0.0848453  0.0909889  l
 0.0975919 0.00126743   0.116603          0   0.784537   0.026616   0.160963    0.56654   0.234474  0.0114068          0  0.0329531   0.359949   0.604563 0.00253485  0.0228137  0.0278834  0.0392902  0.0722433   0.837769    0.50043  -0.014176   0.415438  0.0849919  l
  0.113493 0.00126103   0.117276          0    0.76797  0.0264817   0.153846    0.57377    0.23203  0.0138714          0  0.0453972   0.358134   0.593947 0.00252207  0.0239596  0.0214376  0.0441362    0.07314   0.837327    0.50043 -0.0131862   0.415006  0.0854239  l
  0.114178 0.00125471   0.117942          0   0.766625  0.0276035   0.119197   0.606023    0.23212  0.0150565          0  0.0501882   0.355082   0.592221 0.00250941    0.02133  0.0238394    0.04266  0.0740276   0.838143   0.502855 -0.0134465   0.416355  0.0864999  l
  0.120497 0.00124224    0.11677          0   0.761491  0.0273292   0.115528   0.606211   0.236025  0.0149068          0  0.0571429   0.360248   0.580124 0.00248447   0.021118  0.0248447  0.0397516  0.0745342   0.839752   0.502855 -0.0123002   0.415973  0.0868821  l
 0.0637681   0.511594    0.32029  0.0782609   0.026087    0.62029  0.0927536  0.0753623  0.0942029   0.117391   0.149275  0.0710145   0.171014   0.147826    0.46087  0.0246377  0.0202899  0.0130435  0.0884058   0.853623   0.510042 -0.0108111   0.311557   0.198485  l
 0.0688141   0.494876   0.327965  0.0805271  0.0278184   0.619326  0.0995608   0.103953  0.0834553  0.0937042   0.156662  0.0688141   0.169839   0.163982   0.440703  0.0234261  0.0204978  0.0219619  0.0819912   0.852123   0.510042 -0.0121137   0.313177   0.196865  l
  0.126113  0.0994065    0.72997 0.00593472  0.0385757  0.0267062   0.586053   0.289318  0.0578635  0.0400593  0.0548961   0.151335   0.253709        0.5  0.0400593  0.0237389  0.0192878  0.0267062  0.0771513   0.853116   0.510042 -0.0138251    0.31527   0.194772  l
 0.0791045   0.458209   0.350746  0.0865672  0.0253731    0.61194   0.128358   0.128358  0.0567164  0.0746269   0.167164   0.138806   0.125373   0.152239   0.416418  0.0238806  0.0179104  0.0313433  0.0776119   0.849254   0.510042 -0.0131546    0.31495   0.195092  l
  0.133132    0.23298   0.565809  0.0378215  0.0302572   0.357035   0.329803   0.216339  0.0423601  0.0544629   0.121029   0.184569   0.155825   0.279879   0.258699  0.0242057  0.0166415  0.0408472  0.0650529   0.853253   0.510042 -0.0163085   0.318469   0.191573  l
 0.0971787 0.00940439   0.808777          0  0.0846395 0.00731452  0.0553814   0.893417  0.0365726 0.00731452 0.00104493  0.0449321   0.903866  0.0397074  0.0104493  0.0198537  0.0208986  0.0177638  0.0867294   0.854754   0.443028  -0.018855    0.24689   0.196138  l
   0.10084 0.00945378   0.805672          0  0.0840336 0.00840336  0.0535714   0.890756   0.039916 0.00735294 0.00105042  0.0462185    0.89916  0.0430672  0.0105042   0.019958  0.0210084  0.0168067  0.0871849   0.855042   0.443028 -0.0180426   0.246574   0.196454  l
 0.0968421 0.00947368   0.804211          0  0.0894737  0.0105263  0.0557895   0.885263  0.0410526 0.00736842 0.00105263  0.0442105   0.898947  0.0452632  0.0105263       0.02  0.0221053  0.0147368  0.0863158   0.856842   0.443028 -0.0154814   0.244061   0.198967  l
 0.0987261 0.00955414   0.803609          0  0.0881104  0.0106157  0.0552017   0.884289  0.0424628   0.007431 0.00106157  0.0456476   0.900212  0.0424628  0.0106157  0.0201699  0.0212314   0.014862  0.0849257   0.858811   0.443028 -0.0186289   0.247565   0.195463  l
  0.101279 0.00959488    0.80064          0  0.0884861   0.010661  0.0575693   0.881663  0.0426439 0.00746269  0.0010661    0.04371   0.900853    0.04371   0.010661  0.0202559   0.021322  0.0138593  0.0842218   0.860341   0.443028 -0.0186098   0.247793   0.195235  l
 0.0775862 0.00646552   0.806035 0.00107759   0.108836  0.0161638   0.426724   0.395474   0.154095  0.0075431 0.00107759   0.142241   0.338362   0.507543  0.0107759  0.0204741  0.0215517   0.012931  0.0851293   0.859914   0.443028  -0.022208   0.251827     0.1912  l
 0.0520607 0.00867679   0.802603  0.0010846   0.135575  0.0130152   0.027115    0.87961  0.0726681 0.00759219  0.0010846  0.0596529   0.872017  0.0574837 0.00976139  0.0206074  0.0206074  0.0130152  0.0824295   0.863341   0.443028 -0.0215549   0.251477   0.191551  l
  0.102063 0.00977199   0.800217 0.00108578  0.0868621  0.0119435  0.0564604   0.877307  0.0456026 0.00868621 0.00108578  0.0434311   0.895765  0.0499457 0.00977199  0.0206298  0.0206298  0.0119435  0.0814332   0.865364   0.443028 -0.0168414   0.246744   0.196284  l
     0.049          0      0.913      0.001      0.037       0.04      0.222      0.463      0.268      0.007      0.004      0.572       0.41      0.011      0.003       0.02       0.03      0.043      0.094      0.813   0.509885 -0.0244337   0.432852  0.0770326  l
  0.0509491           0     0.91009 0.000999001    0.037962    0.036963    0.227772    0.473526    0.254745  0.00699301    0.003996    0.573427    0.407592    0.011988    0.002997     0.01998    0.030969    0.040959   0.0959041    0.812188    0.509885  -0.0281289    0.437153   0.0727317  l
  0.049554          0   0.909812 0.00198216  0.0386521  0.0396432   0.225966   0.493558   0.233895 0.00693756 0.00297324   0.570862   0.411298   0.011893 0.00297324  0.0188305  0.0317146  0.0426165  0.0951437   0.811695   0.509885  -0.026895    0.43658  0.0733044  l
  0.049456          0   0.909001 0.00197824  0.0395648  0.0375865   0.230465   0.496538   0.225519  0.0098912 0.00296736   0.570722   0.410485  0.0128586 0.00296736  0.0187933  0.0306627   0.041543  0.0969337   0.812067   0.509885 -0.0302586   0.439772  0.0701132  l
 0.0470588          0   0.909804 0.00196078  0.0411765  0.0401961   0.228431   0.504902   0.216667 0.00980392          0   0.561765   0.422549  0.0127451 0.00294118  0.0196078  0.0294118  0.0401961        0.1   0.810784   0.511316 -0.0288624   0.439054  0.0722613  l
 0.0466472          0   0.910593 0.00194363  0.0408163    0.04276    0.22449   0.512148   0.211856 0.00874636          0   0.545189   0.439261  0.0126336 0.00291545  0.0194363  0.0272109  0.0437318   0.100097   0.809524   0.511316 -0.0261464   0.437479   0.073837  l
 0.00222883           0    0.846954   0.0624071   0.0884101  0.00148588   0.0936107    0.874443     0.02526  0.00520059   0.0200594    0.153046     0.79049   0.0326894  0.00371471   0.0156018   0.0163447   0.0326894   0.0661218    0.869242    0.482913 -0.00712349    0.399081   0.0838318  l
 0.00222883           0    0.845468   0.0631501    0.089153  0.00148588    0.089896      0.8789     0.02526  0.00445765   0.0208024    0.149331    0.792719   0.0341753  0.00297177   0.0156018   0.0163447   0.0312036   0.0690936    0.867756    0.482913 -0.00848162    0.400986   0.0819266  l
0.00223048          0    0.84684  0.0609665  0.0899628 0.00148699  0.0877323   0.881784  0.0245353 0.00446097  0.0208178   0.144238   0.797026  0.0349442 0.00297398  0.0156134  0.0163569  0.0275093  0.0743494   0.866171   0.482913 -0.0120438   0.404983    0.07793  l
 0.00221893           0    0.846154   0.0613905   0.0902367  0.00147929   0.0843195    0.886834    0.022929  0.00443787   0.0214497    0.142751    0.798817   0.0340237  0.00295858   0.0155325   0.0155325   0.0347633   0.0643491    0.869823     0.48441 -0.00611914    0.400066   0.0843444  l
 0.00221893           0    0.847633   0.0599112   0.0902367  0.00147929   0.0798817    0.892012   0.0221893  0.00443787   0.0214497    0.138314    0.803994    0.033284  0.00295858   0.0155325   0.0162722    0.033284   0.0658284    0.869083    0.486789 -0.00773707     0.40248   0.0843098  l
0.00222387          0   0.848036  0.0585619  0.0911786 0.00074129  0.0770941   0.896961  0.0214974 0.00370645  0.0222387   0.133432   0.808006   0.033358 0.00296516  0.0155671  0.0163084   0.028169  0.0733877   0.866568   0.486789  -0.010109   0.405415  0.0813742  l
 0.00222058           0    0.848261    0.057735   0.0917839 0.000740192   0.0740192    0.900814   0.0207254  0.00370096    0.022946    0.129534    0.811251   0.0333087  0.00296077    0.015544   0.0162842   0.0288675   0.0717987    0.867506    0.486789  -0.0102905    0.406246    0.080543  l
 0.00222222           0     0.85037   0.0555556   0.0918519 0.000740741   0.0718518    0.903704        0.02   0.0037037    0.022963    0.126667    0.814815   0.0325926  0.00296296   0.0155556   0.0162963   0.0251852   0.0762963    0.866667    0.486789  -0.0130209    0.409701   0.0770886  l
 0.00222222           0     0.85037   0.0555556   0.0918519 0.000740741   0.0674074    0.908889   0.0192593   0.0037037   0.0237037    0.122222    0.817778   0.0333333  0.00296296   0.0155556   0.0162963   0.0244444   0.0777778    0.865926    0.490156  -0.0131672    0.410522    0.079634  l
 0.00221566           0    0.850812   0.0553914   0.0915805 0.000738552   0.0664697    0.912851   0.0162482  0.00369276   0.0243722    0.118168    0.819055   0.0354505  0.00295421   0.0155096   0.0162482   0.0310192   0.0694239    0.867799    0.494238 -0.00771308    0.406073   0.0881643  l
 0.00221566           0    0.851551   0.0539143   0.0923191 0.000738552    0.062777    0.915805   0.0169867  0.00369276   0.0236337    0.116691    0.822009    0.034712  0.00295421   0.0155096   0.0162482   0.0295421   0.0723781    0.866322    0.494238 -0.00768633    0.406799   0.0874383  l
 0.00222222           0    0.853333   0.0511111   0.0933333 0.000740741   0.0592593    0.919259    0.017037   0.0037037    0.022963    0.112593    0.828148   0.0333333  0.00296296   0.0155556   0.0162963   0.0244444   0.0792593    0.864444    0.494238  -0.0123883    0.412345   0.0818923  l
 0.0588697 0.00156986   0.874411          0  0.0651491 0.00549451  0.0125589   0.974882 0.00470958 0.00235479          0          0   0.981162  0.0149137 0.00392465  0.0164835  0.0172684  0.0235479  0.0832025   0.859498   0.178118  0.0023094  0.0952036  0.0829148  l
 0.0588235 0.00235294   0.873725          0   0.065098  0.0054902  0.0141176   0.973333 0.00470588 0.00235294          0          0   0.981176   0.014902 0.00392157  0.0164706  0.0172549  0.0290196  0.0760784   0.861176   0.178118  0.0035696  0.0944319  0.0836866  l
 0.0588697 0.00156986   0.874411          0  0.0651491 0.00549451  0.0149137   0.972527 0.00470958 0.00235479          0          0   0.981162  0.0149137 0.00392465  0.0164835  0.0172684  0.0204082  0.0847724   0.861068   0.178996   0.001531  0.0969229  0.0820735  l
   0.061369  0.00157356    0.874115           0   0.0629426  0.00550747   0.0165224    0.970889  0.00472069  0.00236035           0 0.000786782    0.979544   0.0157356  0.00393391   0.0165224   0.0173092   0.0165224   0.0904799    0.859166    0.178996 -0.00162978     0.10052    0.078476  l
  0.0589159  0.00235664    0.873527           0   0.0652003  0.00549882    0.017282    0.969364  0.00549882  0.00235664           0 0.000785546    0.980361   0.0149254  0.00392773   0.0164965    0.017282   0.0251375   0.0816968    0.859387    0.182825  0.00303105   0.0964432   0.0863822  l
 0.0589623 0.00235849   0.873428          0  0.0652516 0.00550314  0.0180818   0.968553 0.00550314 0.00235849          0          0   0.980346  0.0157233 0.00393082  0.0165094  0.0172956  0.0259434  0.0794025   0.860849   0.179749  0.0032726  0.0936651  0.0860839  l
 0.00274474 0.000914913    0.827996    0.118024   0.0503202    0.115279    0.128088    0.662397   0.0704483   0.0237877           0    0.313815    0.671546    0.010979  0.00365965    0.021043   0.0201281   0.0539799    0.146386    0.758463    0.466922  -0.0400434    0.397316   0.0696068  l
 0.00272975 0.000909918    0.827116    0.119199   0.0500455     0.11283    0.127389     0.66788   0.0682439   0.0236579           0    0.312102     0.67152   0.0127389  0.00363967   0.0209281   0.0200182    0.055505    0.141947    0.761601    0.466922  -0.0404642    0.398435   0.0684872  l
 0.00271739 0.000905797    0.826087    0.120471   0.0498188    0.111413    0.125906     0.67029   0.0688406   0.0235507           0    0.317029    0.664855   0.0144928  0.00362319   0.0199275   0.0208333   0.0552536    0.139493    0.764493    0.466922  -0.0378336    0.396189   0.0707331  l
0.00270027 0.00090009   0.825383   0.121512   0.049505   0.109811   0.124212   0.675067  0.0693069  0.0216022          0   0.316832   0.664266  0.0153015 0.00360036  0.0207021  0.0207021  0.0549055   0.132313   0.771377   0.466922 -0.0361266   0.395053  0.0718689  l
 0.00269058 0.000896861    0.824215     0.12287   0.0493274     0.10852    0.123767    0.679821   0.0663677   0.0215247           0    0.314798    0.664574   0.0170404  0.00358744   0.0206278   0.0197309   0.0556054    0.128251    0.775785    0.466922  -0.0372381    0.396715   0.0702071  l
 0.00267857 0.000892857    0.823214    0.124107   0.0491071     0.10625    0.124107    0.682143   0.0669643   0.0205357           0    0.316964    0.660714     0.01875  0.00357143   0.0205357   0.0196429     0.05625    0.117857    0.785714    0.466922  -0.0367755    0.396633   0.0702891  l
0.00266904 0.00088968   0.822064   0.125445  0.0489324   0.104982   0.122776   0.685943  0.0658363  0.0204626          0   0.314057   0.661032  0.0213523 0.00355872  0.0204626   0.019573  0.0551601   0.117438   0.787367   0.466922 -0.0378329   0.398232  0.0686903  l
0.00265722 0.00088574   0.822852   0.124889  0.0487157   0.103632   0.123118   0.687334  0.0664305  0.0194863          0   0.315323    0.65899  0.0221435 0.00354296   0.020372   0.020372  0.0558016   0.108946   0.794508   0.467789 -0.0357408    0.39656  0.0712297  l
  0.0196696           0    0.897718           0   0.0826121           0  0.00314713    0.991345  0.00472069 0.000786782           0   0.0236035     0.95358   0.0196696  0.00314713   0.0188828    0.018096   0.0668765   0.0826121    0.813533    0.170615   0.0025717   0.0796788   0.0909364  l
  0.0165615           0    0.895899           0   0.0875394           0  0.00315457    0.991325  0.00473186 0.000788644           0   0.0212934    0.956625   0.0189274  0.00315457   0.0189274   0.0181388   0.0646688   0.0859621    0.812303    0.170175  0.00379743   0.0785997   0.0915756  l
  0.0211931           0    0.894035           0   0.0847724           0  0.00313972    0.991366  0.00470958 0.000784929           0   0.0188383    0.958399   0.0196232  0.00313972   0.0188383   0.0180534   0.0643642   0.0847724    0.813972    0.170175  0.00161399    0.080971   0.0892043  l
  0.0204403           0    0.894654           0   0.0849057           0  0.00314465    0.991352  0.00471698 0.000786163           0   0.0165094    0.962264   0.0180818  0.00314465   0.0180818   0.0188679   0.0652516   0.0825472    0.815252    0.167252  0.00214943   0.0780005   0.0892515  l
  0.0382514  0.00078064     0.89071           0   0.0702576  0.00078064  0.00312256    0.991413  0.00312256  0.00156128           0   0.0101483    0.967994   0.0171741  0.00468384   0.0187354   0.0179547   0.0679157   0.0796253    0.815769    0.167974 -0.00229403   0.0838013   0.0841732  l
  0.0343176 0.000798085    0.888268           0   0.0766161 0.000798085  0.00638468    0.989625 0.000798085  0.00239425           0           0    0.988827  0.00718276  0.00399042   0.0183559    0.019154   0.0582602   0.0901836    0.814046    0.176396 0.000747583   0.0843852   0.0920112  l
  0.0265487 0.000804505    0.891392           0    0.081255 0.000804505  0.00724055    0.988737 0.000804505  0.00241352           0           0    0.988737  0.00724055  0.00402253   0.0185036   0.0193081   0.0563154   0.0917136    0.814159    0.178463  0.00325853   0.0828052   0.0956573  l
  0.0414673 0.000797448    0.886762           0   0.0709729 0.000797448  0.00797448    0.987241   0.0015949  0.00239234           0           0    0.988836  0.00797448  0.00318979   0.0183413   0.0191388   0.0590112   0.0877193    0.815789     0.17672 7.07316e-05   0.0833824   0.0933373  l
  0.040032 0.00080064    0.88711          0  0.0720576 0.00080064 0.00800641    0.98719 0.00160128 0.00240192          0          0   0.988791 0.00800641 0.00320256  0.0184147  0.0192154  0.0608487  0.0880705   0.813451   0.175512 0.00028565  0.0824413  0.0930707  l
  0.0565287 0.000796178     0.88535           0   0.0573248 0.000796178  0.00875796    0.986465  0.00159236  0.00238854           0 0.000796178    0.988854  0.00716561  0.00318471   0.0183121   0.0191083   0.0644904   0.0828025    0.815287    0.175512 -0.00356722   0.0863914   0.0891206  l
  0.0400962 0.000801925    0.888532           0   0.0705694 0.000801925  0.00882117    0.986367  0.00160385  0.00240577           0 0.000801925    0.988773  0.00721732   0.0032077   0.0184443   0.0192462   0.0601443   0.0882117    0.813953    0.175512 0.000118479   0.0835724   0.0919397  l
  0.0337892 0.000804505    0.890587           0    0.074819 0.000804505   0.0104586    0.984714  0.00160901  0.00241352           0           0    0.989541  0.00724055  0.00321802   0.0185036   0.0193081   0.0579244   0.0893001    0.814964    0.178815  0.00134049   0.0832069   0.0956078  l
  0.0408982 0.000801925    0.890136           0   0.0681636  0.00240577   0.0112269    0.982358  0.00160385  0.00240577           0           0    0.987971  0.00882117   0.0032077   0.0184443   0.0192462   0.0609463   0.0858059    0.815557    0.178815 0.000162629   0.0846813   0.0941334  l
   0.0473136  0.000801925     0.889334            0    0.0625501   0.00240577    0.0112269     0.981556   0.00240577   0.00240577            0            0     0.987971   0.00882117    0.0032077    0.0184443    0.0192462    0.0617482    0.0858059     0.814755     0.178522 -0.000914529    0.0841262    0.0943954  l
  0.0527578 0.000799361    0.889688           0   0.0567546  0.00319744    0.011191    0.980815  0.00239808  0.00239808           0           0     0.98721  0.00959233  0.00319744   0.0183853   0.0191847   0.0639488   0.0847322    0.813749    0.178522 -0.00189049   0.0855784   0.0929432  l
  0.0363196 0.000807102    0.890234           0   0.0726392  0.00322841   0.0112994     0.98063  0.00242131  0.00242131           0           0    0.987086  0.00968523  0.00322841   0.0185634   0.0193705   0.0581114   0.0912026    0.812752    0.178522  0.00117065    0.083344   0.0951777  l
   0.052927 0.000801925    0.889334           0   0.0569366  0.00400962   0.0120289     0.97915  0.00240577  0.00240577           0 0.000801925    0.984763   0.0112269   0.0032077   0.0184443   0.0192462    0.063352   0.0842021    0.814755    0.178522 -0.00205792   0.0866442   0.0918775  l
 0.0758886 0.00576369    0.82805 0.00768492  0.0826129  0.0365034   0.037464   0.911623 0.00864553 0.00576369          0  0.0470701    0.87512  0.0701249 0.00768492  0.0220941  0.0211335  0.0557157   0.106628   0.794428   0.409935 -0.0194377   0.211143   0.198792  l
 0.0597303 0.00578035   0.828516 0.00770713  0.0982659  0.0385356  0.0375723   0.908478 0.00963391 0.00578035          0  0.0481696   0.873796  0.0703276 0.00770713   0.022158  0.0211946  0.0578035   0.106936   0.791907   0.409935  -0.017883   0.209675    0.20026  l
 0.0754352 0.00580271   0.826886 0.00870406  0.0831721  0.0415861  0.0348162   0.908124 0.00967118 0.00580271          0  0.0473888   0.871373  0.0744681 0.00676983  0.0222437  0.0212766  0.0541586   0.109284   0.793037   0.409935 -0.0199584   0.211894   0.198041  l
 0.0484966 0.00581959   0.826382 0.00872939   0.110572  0.0436469  0.0339476   0.906887 0.00969932 0.00581959          0  0.0484966   0.869059  0.0756547 0.00678952  0.0223084  0.0203686  0.0581959   0.106693   0.792435   0.409935 -0.0183777   0.210414   0.199521  l
 0.0790244 0.00585366   0.825366  0.0097561       0.08   0.044878  0.0341463   0.905366  0.0097561 0.00585366          0  0.0458537   0.869268  0.0780488 0.00682927  0.0214634   0.022439  0.0556098   0.108293   0.792195   0.409935 -0.0214943    0.21385   0.196085  l
 0.0831703 0.00587084   0.824853 0.00978474  0.0763209  0.0459883  0.0342466    0.90411 0.00978474 0.00587084          0  0.0459883   0.867906  0.0812133 0.00489237  0.0225049  0.0215264  0.0567515   0.109589   0.789628   0.409935 -0.0230362   0.215434   0.194501  l
 0.0776031 0.00589391    0.82613 0.00982318  0.0805501  0.0481336  0.0333988    0.90275 0.00982318 0.00589391          0  0.0442043   0.868369  0.0825147 0.00491159  0.0225933   0.021611  0.0569745    0.11002   0.788802   0.409935   -0.02204   0.214565   0.195371  l
 0.0530973 0.00688299   0.824975 0.00983284   0.105211  0.0511308  0.0334317   0.899705 0.00983284  0.0058997          0  0.0452311   0.864307  0.0845624  0.0058997  0.0216323  0.0226155  0.0580138   0.109145   0.788594   0.409935 -0.0205533   0.213048   0.196887  l
  0.080198 0.00693069   0.824752 0.00990099  0.0782178  0.0514851  0.0336634    0.89802  0.0108911 0.00594059          0  0.0445545   0.860396  0.0891089 0.00594059  0.0207921  0.0227723  0.0584158   0.108911   0.789109   0.409935 -0.0236321   0.216456   0.193479  l
  0.082505 0.00695825   0.824056  0.0109344  0.0755467  0.0516899  0.0347913    0.89662  0.0109344 0.00596421          0  0.0447316   0.858847  0.0904573 0.00596421  0.0228628  0.0208748   0.054672   0.112326   0.789264   0.409935  -0.024962   0.218014   0.191921  l
 0.0879121 0.00699301   0.822178   0.010989  0.0719281  0.0519481   0.034965   0.895105   0.011988 0.00599401          0   0.045954   0.851149  0.0969031 0.00599401   0.021978   0.022977   0.047952    0.11988   0.787213   0.409935 -0.0275004   0.220793   0.189142  l
 0.0813253 0.00702811   0.822289  0.0110442  0.0783133  0.0532129  0.0351406   0.894578  0.0100402 0.00702811          0  0.0461847   0.855422  0.0923695  0.0060241  0.0230924  0.0210843  0.0522088   0.118474   0.785141   0.409935 -0.0238444   0.217423   0.192512  l
 0.0524194 0.00705645   0.820565  0.0110887   0.108871  0.0544355  0.0352823   0.893145  0.0100806 0.00705645          0   0.047379   0.854839  0.0917339 0.00604839  0.0221774  0.0221774  0.0574597   0.111895    0.78629   0.409935  -0.021516   0.215292   0.194643  l
 0.0839232 0.00707786   0.819009  0.0111223  0.0788675  0.0535895  0.0353893   0.892821  0.0111223 0.00707786          0  0.0444894   0.854398  0.0950455 0.00606673  0.0232558  0.0212336  0.0525784   0.116279   0.786653   0.409935 -0.0247366   0.218666   0.191269  l
 0.0884146 0.00711382   0.815041  0.0132114  0.0762195   0.054878  0.0345528   0.892276  0.0111789 0.00711382          0   0.046748    0.85061  0.0965447 0.00609756  0.0223577  0.0223577  0.0538618   0.112805   0.788618   0.409935 -0.0242076    0.21835   0.191585  l
 0.0901639 0.00717213   0.808402   0.017418  0.0768443  0.0543033  0.0368852   0.890369  0.0112705 0.00717213          0  0.0440574   0.845287   0.104508 0.00614754   0.022541  0.0235656  0.0512295   0.112705   0.789959   0.409935 -0.0296502   0.224164   0.185771  l
  0.090535 0.00720165   0.807613  0.0174897  0.0771605  0.0555556  0.0380658    0.88786  0.0113169 0.00720165          0  0.0432099   0.846708   0.103909 0.00617284  0.0236626  0.0226337  0.0545267   0.111111   0.788066   0.409935  -0.026666    0.22138   0.188555  l
 0.0906282 0.00720906   0.806385  0.0175077  0.0782698  0.0566426  0.0391349   0.885685  0.0113285 0.00720906          0  0.0432544    0.84758   0.102987  0.0061792  0.0226571  0.0226571  0.0566426   0.110196   0.787848   0.409935 -0.0251015   0.219836   0.190099  l
 0.0912863 0.00726141    0.80083  0.0207469  0.0798755  0.0570539  0.0414938    0.88278  0.0114108 0.00726141          0  0.0414938   0.845436   0.106846 0.00622407  0.0228216  0.0228216  0.0560166   0.110996   0.787344   0.409935 -0.0281272   0.223174   0.186761  l
 0.0907195 0.00729927   0.796663  0.0239833  0.0813347  0.0573514  0.0406674   0.883212  0.0114703 0.00729927          0  0.0417101   0.845673   0.106361 0.00625652  0.0218978  0.0239833  0.0573514   0.106361   0.790407   0.409935 -0.0293595   0.224648   0.185287  l
  0.091195 0.00733753   0.794549   0.024109  0.0828092  0.0587002  0.0408805     0.8826  0.0104822 0.00733753          0  0.0419287   0.843816   0.107966 0.00628931  0.0230608  0.0230608  0.0587002   0.103774   0.791405   0.409935 -0.0281534   0.223664   0.186271  l
 0.0926316 0.00736842   0.792632  0.0242105  0.0831579       0.06  0.0410526   0.881053  0.0105263 0.00736842          0  0.0442105   0.838947   0.110526 0.00631579  0.0242105  0.0221053  0.0610526   0.103158   0.789474   0.409935 -0.0288366   0.224511   0.185424  l
 0.00236407 0.000788022    0.787234    0.163121   0.0464933   0.0543735   0.0851064    0.791174   0.0677699  0.00157604   0.0677699    0.226162    0.683215   0.0197006  0.00315209   0.0204886   0.0315209   0.0890465   0.0764381    0.782506     0.47533  -0.0387694    0.396174   0.0791559  l
 0.00314465 0.000786163    0.787736     0.16195   0.0463836    0.052673   0.0849057    0.794025   0.0676101 0.000786163   0.0691824    0.221698    0.686321   0.0196541  0.00314465   0.0204403   0.0314465   0.0896226   0.0731132    0.785377     0.47533  -0.0391408    0.397008   0.0783222  l
 0.00392465 0.000784929    0.788069    0.160911   0.0463108   0.0518053   0.0832025    0.797488    0.066719 0.000784929   0.0714286    0.217425    0.687598   0.0204082  0.00313972   0.0204082   0.0321821   0.0894819   0.0722135    0.785714     0.47533  -0.0380594    0.396549   0.0787814  l
 0.00469116 0.000781861    0.788116      0.1595   0.0469116    0.050821   0.0836591    0.799844   0.0648944 0.000781861   0.0688037    0.217357    0.690383   0.0203284  0.00312744   0.0203284   0.0273651   0.0946052   0.0719312     0.78577    0.478721  -0.0409421    0.399952   0.0787683  l
 0.00545596 0.000779423    0.787997    0.158223   0.0475448   0.0498831   0.0826189    0.802027   0.0646921 0.000779423   0.0693687    0.215121    0.692907   0.0194856  0.00311769   0.0210444    0.025721   0.0958691   0.0709275    0.786438    0.478721  -0.0413231    0.400815   0.0779057  l
 0.00621601 0.000777001    0.788656    0.156954    0.047397    0.048951   0.0823621    0.804196   0.0637141 0.000777001   0.0714841    0.212121    0.693862    0.019425    0.003108    0.020202    0.029526   0.0909091   0.0730381    0.786325    0.478721  -0.0403747    0.400341   0.0783799  l
 0.00696594 0.000773994      0.7887    0.156347   0.0472136   0.0487616   0.0812693    0.806502   0.0626935 0.000773994   0.0735294    0.208978    0.694272   0.0201238  0.00309598   0.0201238   0.0309598   0.0882353   0.0750774    0.785604    0.478721  -0.0395699     0.39986   0.0788605  l
 0.00849421 0.000772201    0.788417    0.155212   0.0471042   0.0471042   0.0818533    0.807722   0.0633205           0   0.0694981    0.210039    0.696525   0.0208494   0.0030888   0.0200772    0.023166   0.0965251   0.0733591    0.786873    0.478959  -0.0435969    0.404506   0.0744534  l
0.00925212 0.00077101   0.788743   0.154202  0.0470316  0.0462606   0.080956   0.811103  0.0616808          0  0.0709329   0.207402   0.698535  0.0200463 0.00308404  0.0200463  0.0246723  0.0948342  0.0717039   0.788743   0.478959 -0.0424644   0.403977  0.0749824  l
 0.00691244 0.000768049    0.788018    0.154378   0.0499232    0.046083   0.0791091    0.813364   0.0614439           0   0.0760369    0.201997    0.698925   0.0199693   0.0030722   0.0207373   0.0291859   0.0890937   0.0721966    0.788786     0.47905  -0.0390904    0.400932   0.0781186  l
 0.00690184 0.000766871    0.787577    0.154141   0.0506135   0.0452454   0.0789877    0.814417   0.0613497           0   0.0766871    0.200153    0.700153   0.0199386  0.00306748   0.0199386   0.0306748   0.0874233   0.0736196    0.788344     0.47905  -0.0389025    0.401116   0.0779343  l
   0.010687 0.000763359    0.787023    0.153435   0.0480916   0.0442748   0.0793893    0.816031   0.0603053           0   0.0732824    0.200763    0.703053   0.0198473  0.00305344   0.0198473   0.0259542   0.0923664   0.0740458    0.787786     0.47905  -0.0417409    0.404458   0.0745926  l
  0.0114242 0.000761615    0.785986    0.153846   0.0479817    0.043412   0.0792079    0.817212   0.0601676           0   0.0746382     0.19802    0.704494    0.019802  0.00304646   0.0205636   0.0266565   0.0898705   0.0738766    0.789033    0.479901  -0.0414099    0.404555   0.0753462  l
  0.0129081 0.000759301    0.787396     0.15186   0.0470767   0.0425209   0.0789673    0.820805   0.0577069           0   0.0736522    0.196659     0.70691   0.0197418  0.00303721   0.0197418   0.0212604   0.0964313   0.0713743    0.791192    0.480674  -0.0430429    0.406634   0.0740399  l
 0.00433276   0.0034662    0.898614           0   0.0935875   0.0034662   0.0138648    0.980936   0.0017331           0           0  0.00519931     0.97227   0.0181976  0.00433276   0.0233969   0.0407279   0.0935875   0.0814558    0.760832     0.35996 -0.00127735    0.130793    0.229167  l
 0.00518583  0.00432152    0.898012           0   0.0924806  0.00432152   0.0155575    0.978392  0.00172861           0           0  0.00777874    0.967156    0.019879  0.00518583   0.0224719   0.0414866   0.0933449    0.079516    0.763181    0.372925 -0.00282154    0.145835     0.22709  l
 0.00604491  0.00431779    0.898964           0   0.0906736  0.00431779   0.0172712    0.976684  0.00172712           0           0   0.0103627    0.964594   0.0198618  0.00518135   0.0233161   0.0414508   0.0915371   0.0811744    0.762522    0.376011 -0.00284153    0.149624    0.226387  l
0.00431779 0.00431779   0.898964          0  0.0924007 0.00431779  0.0172712   0.976684 0.00172712          0          0  0.0129534    0.96114  0.0207254 0.00518135  0.0233161  0.0414508  0.0906736  0.0829016   0.761658   0.376011 -0.0021781   0.149639   0.226372  l
 0.00430293  0.00430293    0.899312           0   0.0920826  0.00516351   0.0180723    0.975043  0.00172117           0           0   0.0163511    0.953528    0.024957  0.00516351   0.0223752   0.0404475   0.0920826    0.080895      0.7642    0.403091 -0.00246542    0.177413    0.225678  l
0.00429185 0.00429185   0.898712          0  0.0927039 0.00429185  0.0214592   0.972532 0.00171674          0          0  0.0223176   0.946781  0.0257511 0.00515021  0.0223176  0.0446352  0.0866953  0.0815451   0.764807    0.40511 0.00168268   0.175284   0.229826  l
0.00429185 0.00429185   0.897854          0  0.0935622 0.00429185   0.023176   0.970815 0.00171674          0          0  0.0197425   0.947639  0.0274678 0.00515021   0.023176  0.0386266  0.0944206  0.0781116   0.765665   0.407021 -0.0022163   0.181298   0.225723  l
 0.00686106  0.00428816    0.897084           0   0.0917667  0.00428816    0.025729    0.968268  0.00171527           0           0   0.0214408    0.942539   0.0308748   0.0051458   0.0231561   0.0385935    0.093482   0.0789022    0.765866    0.407763 -0.00324641    0.183402    0.224361  l
 0.00429553  0.00429553    0.896907           0   0.0945017  0.00429553   0.0257732    0.968213  0.00171821           0           0   0.0249141    0.939003   0.0309278  0.00515464   0.0223368   0.0412371   0.0902062   0.0798969    0.766323    0.407763 -0.00285669    0.183391    0.224372  l