        0          0          0   0.989437          0          0  0.0105634          0          0 0.00352113   0.978873 0.00352113 0.00704225 0.00704225          0          0   0.253521   0.482394   0.264085          0          0  0.0316901   0.028169  0.0352113   0.028169  0.0352113   0.028169    0.81338   0.098507 -0.0175648  0.0600552  0.0384518        284  l
         0          0          0   0.992982          0          0 0.00701754          0          0 0.00350877   0.982456          0  0.0105263 0.00350877          0          0    0.42807   0.540351  0.0315789          0          0  0.0315789  0.0315789  0.0315789  0.0280702  0.0350877  0.0315789   0.810526   0.097606 -0.0145548  0.0561956  0.0414104        285  l
0.00352113          0          0   0.992958          0          0 0.00352113          0          0 0.00704225   0.982394          0 0.00704225 0.00352113          0          0   0.422535   0.556338  0.0211268          0          0  0.0316901  0.0316901  0.0316901   0.028169  0.0352113  0.0316901   0.809859  0.0972057 -0.0148274  0.0563388  0.0408669        284  l
0.00352113          0          0   0.992958          0          0 0.00352113          0          0 0.00704225   0.985915          0 0.00352113 0.00352113          0          0   0.440141   0.552817 0.00704225          0          0  0.0316901   0.028169  0.0352113   0.028169  0.0352113   0.028169    0.81338  0.0972057 -0.0159296  0.0572699  0.0399359        284  l
0.00348432          0          0   0.996516          0          0          0          0          0 0.00696864   0.989547          0          0 0.00348432          0          0   0.442509   0.547038   0.010453          0          0  0.0313589  0.0278746  0.0348432  0.0278746  0.0348432  0.0278746   0.815331  0.0972057 -0.0170244  0.0589882  0.0382176        287  l
 0.0034965          0          0   0.996503          0          0          0          0          0 0.00699301    0.98951          0          0  0.0034965          0          0   0.444056   0.548951 0.00699301          0          0  0.0314685   0.027972   0.034965   0.027972   0.034965  0.0314685   0.811189  0.0972057  -0.015235  0.0566702  0.0405356        286  l
         0          0          0   0.908425          0          0  0.0915751          0          0          0   0.990842   0.003663  0.0018315   0.003663          0          0   0.380952    0.47619   0.142857          0          0  0.0201465   0.018315  0.0201465  0.0201465   0.018315   0.021978   0.880952   0.104157 -0.0104871  0.0555386  0.0486183        546  l
         0          0          0   0.909256          0          0  0.0907441          0          0          0   0.990926 0.00181488 0.00362976 0.00362976          0          0   0.401089    0.46461   0.134301          0          0  0.0199637  0.0181488  0.0217786  0.0181488  0.0199637  0.0199637   0.882033   0.104157 -0.0097402  0.0547191  0.0494378        551  l
0.00182482          0          0   0.910584          0          0  0.0875912          0          0          0   0.992701          0 0.00364964 0.00364964          0          0   0.421533   0.448905   0.129562          0          0   0.020073  0.0182482  0.0218978  0.0182482   0.020073   0.020073   0.881387   0.104157 -0.0100844  0.0548311  0.0493258        548  l
         0          0          0   0.909091          0          0  0.0909091          0          0 0.00181818   0.992727          0 0.00181818 0.00363636          0          0   0.394545   0.467273   0.138182          0          0       0.02  0.0181818  0.0218182  0.0181818       0.02       0.02   0.881818   0.104157 -0.0077385   0.052102  0.0520549        550  l
          0           0           0    0.908925           0           0   0.0910747           0           0  0.00182149    0.996357           0           0  0.00182149           0           0    0.369763    0.480874    0.149362           0           0   0.0200364   0.0182149   0.0218579   0.0182149   0.0200364   0.0200364    0.881603    0.104691 -0.00712933   0.0517717   0.0529196         549  l
 0.00235849           0           0    0.573113           0           0    0.424528           0           0   0.0707547    0.876179   0.0459906  0.00117925  0.00589623           0           0     0.10967    0.385613    0.504717           0           0   0.0153302   0.0141509   0.0141509   0.0165094   0.0141509   0.0518868    0.873821   0.0891346 -0.00924195   0.0484481   0.0406866         848  l
         0          0          0    0.58076          0          0    0.41924          0          0   0.043943   0.922803  0.0285036  0.0023753  0.0023753          0          0  0.0985748   0.426366   0.475059          0          0  0.0154394  0.0142518  0.0142518  0.0166271  0.0142518  0.0463183    0.87886  0.0891346 -0.0146265  0.0539509  0.0351838        842  l
        0         0         0  0.583135         0         0  0.416865         0         0 0.0486936  0.913302 0.0332542 0.0023753 0.0023753         0         0 0.0961995  0.421615  0.482185         0         0 0.0154394 0.0142518 0.0142518 0.0154394 0.0154394 0.0451306  0.880048 0.0891346 -0.014279  0.053529 0.0356056       842  l
         0          0          0   0.578143          0          0   0.421857          0          0  0.0470035   0.913043  0.0352526 0.00235018 0.00235018          0          0  0.0940071   0.423032   0.482961          0          0  0.0152761  0.0141011  0.0141011  0.0164512  0.0141011  0.0505288   0.875441  0.0891346 -0.0105241  0.0493317  0.0398029        851  l
          0           0           0     0.57796           0           0     0.42204           0           0   0.0691676    0.881594   0.0445487  0.00117233    0.003517           0           0    0.112544     0.38687    0.500586           0           0   0.0152403    0.014068    0.014068   0.0164127    0.014068   0.0515826     0.87456   0.0891346 -0.00913347   0.0478106    0.041324         853  l
         0          0          0   0.580494          0          0   0.419506          0          0  0.0693302   0.881316  0.0446533 0.00117509 0.00352526          0          0   0.119859   0.380729   0.499412          0          0  0.0152761  0.0141011  0.0141011  0.0164512  0.0141011  0.0481786   0.877791  0.0891346 -0.0108941  0.0495042  0.0396304        851  l
          0           0           0    0.579132           0           0    0.420868           0           0    0.056272    0.901524   0.0375147  0.00234467  0.00234467           0           0    0.100821    0.403283    0.495897           0           0   0.0152403    0.014068    0.014068   0.0164127    0.014068   0.0515826     0.87456   0.0891346 -0.00960361   0.0479593   0.0411753         853  l
         0          0          0   0.583726          0          0   0.416274          0          0  0.0518868   0.909198  0.0353774 0.00117925 0.00235849          0          0  0.0908019   0.408019   0.501179          0          0  0.0153302  0.0141509  0.0141509  0.0165094  0.0141509  0.0448113   0.880896  0.0891346 -0.0133683  0.0517809  0.0373537        848  l
         0          0          0   0.583626          0          0   0.416374          0          0  0.0374269   0.926316  0.0339181 0.00116959 0.00116959          0          0  0.0865497   0.422222   0.491228          0          0  0.0152047  0.0140351  0.0152047  0.0152047  0.0140351  0.0526316   0.873684  0.0891346 -0.0083197  0.0464486   0.042686        855  l
 0.0359877          0          0   0.359877          0          0   0.604135          0          0   0.117917   0.735835   0.143185 0.00153139 0.00153139          0          0  0.0467075   0.381317   0.571975          0          0  0.0114855  0.0107198  0.0107198  0.0107198  0.0367534  0.0558959   0.863706  0.0956538 -0.0137858  0.0498794  0.0457743       1306  l
 0.0351413          0          0   0.641711          0          0   0.323147          0 0.00229183   0.125286   0.770817   0.101604          0          0          0          0          0   0.854087   0.145913          0          0  0.0114591  0.0106952  0.0106952  0.0106952  0.0381971  0.0519481    0.86631  0.0935053 -0.0111167  0.0469144  0.0465909       1309  l
 0.0381098          0          0   0.641768          0          0   0.320122          0 0.00228659   0.123476   0.773628    0.10061          0          0          0          0          0   0.855945   0.144055          0          0  0.0114329  0.0106707  0.0106707  0.0106707  0.0403963  0.0518293   0.864329  0.0935053 -0.0101623   0.045756  0.0477493       1312  l
 0.0374618          0          0   0.639908          0          0    0.32263          0 0.00229358   0.125382   0.769878   0.102446          0          0          0          0          0   0.855505   0.144495          0          0  0.0114679  0.0107034  0.0107034  0.0107034  0.0389908  0.0535168   0.863914  0.0934898   -0.01093  0.0464016  0.0470882       1308  l
 0.0328244          0          0   0.636641          0          0   0.330534          0 0.00152672   0.125954   0.768702   0.103817          0          0          0          0          0   0.854962   0.145038          0          0  0.0114504   0.010687   0.010687   0.010687  0.0374046  0.0557252   0.863359  0.0934898  -0.011578  0.0470374  0.0464524       1310  l
  0.0351682           0           0    0.366208           0           0    0.598624           0           0     0.12156    0.720948    0.156728           0 0.000764526           0           0   0.0733945    0.363914    0.562691           0           0   0.0107034   0.0114679   0.0107034   0.0107034   0.0351682    0.059633    0.861621   0.0935796  -0.0128667   0.0483564   0.0452232        1308  l
 0.0235921          0          0   0.366058          0          0    0.61035          0          0   0.162861    0.64688   0.190259          0          0          0          0   0.148402   0.304414   0.547184          0          0  0.0114155  0.0106545  0.0106545  0.0106545  0.0372907  0.0540335   0.865297  0.0935796 -0.0106766  0.0459475  0.0476321       1314  l
  0.0745247           0           0    0.636502           0           0    0.288973           0           0    0.126236    0.774905   0.0988593           0           0           0           0  0.00304183    0.854753    0.142205           0           0   0.0106464   0.0114068   0.0106464   0.0106464   0.0395437   0.0509506     0.86616   0.0918022 -0.00675965   0.0417159   0.0500863        1315  l
  0.0128755           0           0    0.761803           0           0    0.225322           0  0.00143062   0.0701001     0.88412   0.0443491           0           0           0           0           0    0.831903    0.168097           0           0   0.0114449   0.0114449   0.0121602   0.0336195   0.0536481   0.0486409    0.829041   0.0760958 -0.00437285   0.0360005   0.0400954        1398  l
  0.0114778           0           0    0.759684           0           0    0.228838           0  0.00143472   0.0724534    0.879484   0.0466284           0           0           0           0           0    0.835725    0.164275           0           0   0.0107604   0.0129125   0.0114778   0.0322812   0.0545194   0.0480631    0.829986   0.0760958 -0.00663307   0.0381588   0.0379371        1394  l
 0.0114778          0          0   0.758967          0          0   0.229555          0 0.00143472  0.0753228   0.876614  0.0466284          0          0          0          0          0   0.837877   0.162123          0          0  0.0107604  0.0129125  0.0114778  0.0315638  0.0566714  0.0466284   0.829986  0.0760958 -0.0089029   0.040317  0.0357788       1394  l
  0.0121951           0           0    0.757532           0           0    0.230273           0  0.00143472   0.0774749    0.875179    0.045911           0           0           0           0  0.00071736    0.841463    0.157819           0           0   0.0114778   0.0121951   0.0114778   0.0337159   0.0545194   0.0480631    0.828551   0.0760958 -0.00912432   0.0404549   0.0356409        1394  l
  0.0100575           0           0    0.755747           0           0    0.234195           0  0.00143678    0.079023    0.872845   0.0466954           0           0           0           0 0.000718391    0.842672    0.156609           0           0   0.0114943   0.0114943   0.0122126   0.0308908   0.0574713   0.0481322    0.828305   0.0760958  -0.0113388   0.0425947   0.0335011        1392  l
  0.0136298           0           0     0.75538           0           0     0.23099           0  0.00143472   0.0774749    0.878049   0.0430416           0           0           0           0           0    0.846485    0.153515           0           0   0.0114778   0.0114778   0.0121951   0.0315638   0.0559541   0.0480631    0.829268   0.0760958 -0.00892433   0.0400325   0.0360633        1394  l
  0.0143266           0           0    0.752149           0           0    0.233524           0  0.00143266   0.0766476     0.87894   0.0429799           0           0           0           0           0    0.847421    0.152579           0           0   0.0114613   0.0114613   0.0121777   0.0315186   0.0573066   0.0472779    0.828797   0.0760958 -0.00977787   0.0408191   0.0352768        1396  l
  0.0164756           0           0    0.751433           0           0    0.232092           0  0.00143266   0.0752149    0.883238   0.0401146           0           0           0           0 0.000716332     0.84957    0.149713           0           0   0.0121777   0.0114613   0.0114613   0.0315186   0.0573066   0.0465616    0.829513   0.0769402 -0.00800132   0.0397525   0.0371877        1396  l
  0.0185714           0           0        0.75           0           0    0.231429           0  0.00142857       0.075    0.882143   0.0414286           0           0           0           0 0.000714286    0.851429    0.147857           0           0   0.0121429   0.0114286   0.0114286   0.0335714   0.0542857   0.0478571    0.829286   0.0775634 -0.00685214   0.0391212   0.0384422        1400  l
  0.012894          0          0   0.747851          0          0   0.239255          0 0.00143266  0.0802292   0.876791  0.0415473          0          0          0          0   0.002149   0.845989   0.151862          0          0   0.010745  0.0121777  0.0121777  0.0286533  0.0601719  0.0479943    0.82808  0.0775634 -0.0129871  0.0452409  0.0323226       1396  l
   0.0162659            0            0     0.802687            0            0     0.181047            0            0     0.039604     0.942008    0.0183876            0            0            0            0            0     0.830269     0.169731            0            0    0.0120226    0.0127298    0.0212164    0.0601132    0.0523338     0.082744      0.75884    0.0789426 -0.000169267    0.0333571    0.0455855         1414  l
    0.01482           0           0    0.800988           0           0    0.184192           0           0   0.0409315     0.94072   0.0183486           0           0           0           0           0    0.831334    0.168666           0           0   0.0119972   0.0127029     0.01482   0.0684545   0.0486944   0.0825688    0.760762   0.0789426 -0.00328175   0.0364091   0.0425334        1417  l
  0.0162315           0           0    0.800988           0           0    0.182781           0           0   0.0402258    0.942131   0.0176429           0           0           0           0           0     0.83204     0.16796           0           0   0.0119972   0.0127029   0.0190543   0.0628088   0.0508116   0.0811574    0.761468   0.0789426 -0.00131145   0.0343061   0.0446365        1417  l
  0.0126761           0           0    0.797887           0           0    0.189437           0           0   0.0408451    0.940845   0.0183099           0           0           0           0           0    0.828169    0.171831           0           0   0.0119718   0.0126761   0.0126761   0.0704225   0.0485916   0.0774648    0.766197   0.0789426 -0.00653391   0.0395496    0.039393        1420  l
  0.0190409           0           0    0.800423           0           0    0.180536           0           0   0.0394922    0.942877   0.0176305           0           0           0           0           0    0.834979    0.165021           0           0   0.0119887   0.0126939   0.0204513   0.0620592    0.051481   0.0818054     0.75952   0.0792353 0.000480147    0.032566   0.0466693        1418  l
  0.019774          0          0   0.800847          0          0   0.179379          0          0   0.039548   0.944209  0.0162429          0          0          0          0          0   0.836158   0.163842          0          0  0.0127119  0.0120056  0.0233051  0.0586158  0.0515537  0.0819209   0.759887  0.0802951 0.00172585  0.0322248  0.0480703       1416  l
  0.0204802           0           0    0.800141           0           0    0.179379           0           0   0.0388418    0.945621   0.0155367           0           0           0           0           0    0.838277    0.161723           0           0   0.0120056   0.0127119   0.0169492   0.0663842   0.0508475   0.0805085    0.760593   0.0802951 -0.00140355   0.0352399   0.0450552        1416  l
  0.0183228           0           0    0.797745           0           0    0.183932           0           0   0.0394644    0.944327   0.0162086           0           0           0           0           0    0.838619    0.161381           0           0   0.0119803    0.012685   0.0140944   0.0704722   0.0486258   0.0775194    0.764623   0.0802951 -0.00446803   0.0382429   0.0420522        1419  l
 0.0197322          0          0    0.79704          0          0   0.183228          0          0   0.038055   0.946441  0.0155039          0          0          0          0          0   0.839323   0.160677          0          0  0.0119803   0.012685  0.0140944  0.0697674  0.0486258  0.0782241   0.764623  0.0802951 -0.0031311  0.0368214  0.0434737       1419  l
    0.022567            0            0     0.797602            0            0     0.179831            0            0    0.0380818     0.946403    0.0155148            0            0            0            0            0     0.842031     0.157969            0            0    0.0119887    0.0126939    0.0183357    0.0634697    0.0521862    0.0789845     0.762341    0.0811578 -0.000447346    0.0347794    0.0463784         1418  l
 0.0129376          0          0    0.88965          0          0  0.0974125          0          0  0.0190259   0.977169 0.00380517          0          0          0          0          0   0.901827  0.0981735          0          0  0.0144597  0.0152207  0.0464231  0.0692542  0.0563166  0.0479452   0.750381  0.0696575 0.00204093  0.0323688  0.0372887       1314  l
   0.0121581            0            0     0.887538            0            0     0.100304            0            0    0.0197568     0.976444   0.00379939            0            0            0            0            0     0.901976    0.0980243            0            0    0.0144377    0.0151976    0.0478723    0.0691489    0.0524316     0.050152      0.75076    0.0696575 -0.000548078    0.0348683    0.0347892         1316  l
 0.0159939          0          0   0.888043          0          0  0.0959634          0          0  0.0182788   0.978675 0.00304646          0          0          0          0          0    0.90556  0.0944402          0          0  0.0144707  0.0152323  0.0472201  0.0715918  0.0525514   0.049505   0.749429  0.0696575 0.00245384  0.0317584  0.0378992       1313  l
 0.0174905          0          0   0.888213          0          0  0.0942966          0          0  0.0174905   0.980228 0.00228137          0          0          0          0          0   0.905703  0.0942966          0          0  0.0144487  0.0152091  0.0448669  0.0745247   0.051711  0.0479087   0.751331  0.0696575 0.00539599  0.0286444  0.0410131       1315  l
 0.0174905          0          0   0.887452          0          0   0.095057          0          0  0.0205323   0.977186 0.00228137          0          0          0          0          0   0.907985  0.0920152          0          0  0.0144487  0.0152091  0.0456274  0.0730038  0.0532319  0.0486692    0.74981  0.0696575 0.00364722  0.0303177  0.0393398       1315  l
  0.0167428           0           0    0.885845           0           0   0.0974125           0           0   0.0235921    0.974125   0.0022831           0           0           0           0           0    0.910959   0.0890411           0           0   0.0144597   0.0152207   0.0487062   0.0692542   0.0532725   0.0487062    0.750381   0.0696575 -0.00049894   0.0343891   0.0352685        1314  l
   0.0167173            0            0     0.884498            0            0    0.0987842            0            0    0.0235562     0.973404   0.00303951            0            0            0            0            0     0.908815    0.0911854            0            0    0.0144377    0.0151976    0.0486322    0.0691489    0.0531915    0.0478723      0.75152    0.0707253 -0.000619149    0.0355186    0.0352068         1316  l
 0.0190259          0          0   0.885084          0          0  0.0958904          0          0  0.0235921   0.974886 0.00152207          0          0          0          0          0   0.913242   0.086758          0          0  0.0144597  0.0152207  0.0479452  0.0715373  0.0525114  0.0487062   0.749619  0.0707253 0.00238401   0.032373  0.0383523       1314  l
 0.0197568          0          0   0.883739          0          0  0.0965046          0          0  0.0235562   0.974164 0.00227964          0          0          0          0          0   0.914134  0.0858663          0          0  0.0144377  0.0151976  0.0471125  0.0721885  0.0531915  0.0471125    0.75076  0.0707253 0.00224427  0.0324172  0.0383081       1316  l
 0.0205011          0          0   0.883068          0          0  0.0964313          0          0  0.0235383   0.974943  0.0015186          0          0          0          0          0   0.914199  0.0858011          0          0  0.0144267   0.015186  0.0463174  0.0713743  0.0531511  0.0485953   0.750949  0.0707253 0.00286387  0.0316557  0.0390697       1317  l
  0.0212766           0           0    0.883739           0           0   0.0949848           0           0   0.0243161    0.974924 0.000759878           0           0           0           0           0    0.915653   0.0843465           0           0   0.0144377   0.0151976   0.0471125   0.0706687   0.0547112   0.0471125     0.75076   0.0707253  0.00108811   0.0332886   0.0374368        1316  l
    0.02207           0           0    0.881279           0           0   0.0966514           0           0   0.0243531    0.974886 0.000761035           0           0           0           0           0    0.915525   0.0844749           0           0   0.0144597   0.0152207   0.0517504     0.06621   0.0547945   0.0471842    0.750381   0.0707253 0.000144156   0.0341145   0.0366109        1314  l
  0.0228137           0           0    0.880608           0           0   0.0965779           0           0   0.0243346    0.974905 0.000760456           0           0           0           0           0    0.914829   0.0851711           0           0   0.0144487   0.0152091    0.051711   0.0684411    0.051711   0.0486692     0.74981   0.0707253  0.00162062   0.0325289   0.0381964        1315  l
 0.0228311          0          0   0.880517          0          0  0.0966514          0          0  0.0235921   0.974886 0.00152207          0          0          0          0          0   0.914003   0.085997          0          0  0.0144597  0.0152207  0.0456621  0.0738204  0.0517504  0.0479452   0.751142  0.0707253 0.00389721  0.0301358  0.0405896       1314  l
 0.0235921          0          0   0.881279          0          0  0.0951294          0          0  0.0235921   0.974886 0.00152207          0          0          0          0          0   0.915525  0.0844749          0          0  0.0144597  0.0152207  0.0479452  0.0707763  0.0532725  0.0487062   0.749619  0.0707253 0.00374882  0.0301381  0.0405872       1314  l
  0.0250951           0           0    0.879848           0           0    0.095057           0           0   0.0235741    0.974144  0.00228137           0           0           0           0           0    0.915589   0.0844106           0           0   0.0144487   0.0152091    0.051711   0.0676806   0.0524715   0.0486692     0.74981   0.0715458 0.000435878   0.0346434   0.0369024        1315  l
    0.12894           0  0.00286533    0.609599           0           0    0.258596           0    0.002149   0.0530086    0.878223   0.0666189           0           0           0           0 0.000716332    0.799427    0.196991  0.00286533           0   0.0114613   0.0121777   0.0114613    0.034384   0.0515759   0.0472779    0.831662   0.0864811 -0.00444704   0.0429524   0.0435286        1396  l
 0.0761494          0 0.00215517   0.608477          0          0   0.313218          0 0.00215517  0.0538793   0.875718  0.0682471          0          0          0          0          0   0.799569   0.198276 0.00215517          0  0.0114943  0.0122126  0.0114943  0.0323276  0.0545977  0.0481322   0.829741  0.0864811 -0.0075056  0.0462913  0.0401898       1392  l
   0.049569           0  0.00143678     0.60704           0           0    0.341954           0  0.00215517   0.0567529    0.871408   0.0696839           0           0           0           0 0.000718391    0.799569    0.198276  0.00143678           0   0.0122126   0.0114943   0.0114943   0.0316092   0.0560345   0.0466954     0.83046    0.084509 -0.00860643   0.0456382   0.0388708        1392  l
   0.119713           0 0.000716846    0.605735           0           0    0.273835           0  0.00215054   0.0551971    0.875986   0.0666667           0           0           0           0 0.000716846    0.805018    0.193548 0.000716846           0   0.0121864   0.0114695   0.0114695   0.0336918   0.0523297   0.0480287    0.830824    0.084509  -0.0051395   0.0422504   0.0422586        1395  l
 0.00575954           0 0.000719942    0.604752           0           0    0.388769           0  0.00215983   0.0568754     0.87185   0.0691145           0           0           0           0  0.00143988    0.796976    0.200864 0.000719942           0   0.0115191   0.0115191    0.012239   0.0287977   0.0575954   0.0482361    0.830094    0.084509  -0.0142176   0.0515996   0.0329093        1389  l
0.00325468          0   0.098454   0.781123          0          0   0.117168  0.0642799  0.0829943   0.122864   0.510985   0.164361  0.0406835  0.0138324          0          0          0   0.194467   0.786819  0.0187144          0   0.012205  0.0130187  0.0130187  0.0537022  0.0797396  0.0520749   0.776241   0.465386 -0.0520559   0.411518  0.0538678       1229  l
         0          0   0.104285   0.773646          0          0    0.12207   0.065481   0.083266   0.121261   0.516572   0.160873   0.039612  0.0129345          0          0          0   0.208569   0.770412  0.0210186          0  0.0121261  0.0129345  0.0129345  0.0509297  0.0816492  0.0517381   0.777688   0.465386 -0.0484763   0.408625  0.0567607       1237  l
0.00725806          0   0.108065   0.768548          0          0   0.116129  0.0645161  0.0846774    0.11371   0.530645   0.153226  0.0395161  0.0137097          0          0          0   0.233065   0.745968  0.0209677          0  0.0120968  0.0129032  0.0129032  0.0459677  0.0854839  0.0532258   0.777419   0.465386 -0.0494242    0.41024  0.0551452       1240  l
0.00722892          0   0.119679    0.75502          0          0   0.118072  0.0666667  0.0851406   0.100402   0.546185   0.146185  0.0409639  0.0144578          0          0          0   0.282731   0.693976  0.0232932          0  0.0120482  0.0128514  0.0128514  0.0433735   0.086747  0.0546185    0.77751   0.465386 -0.0511292   0.412495  0.0528906       1245  l
0.00160128          0   0.127302   0.745396          0          0   0.125701  0.0672538  0.0896717  0.0832666   0.557246   0.148118  0.0392314  0.0152122          0          0          0   0.438751   0.535628  0.0256205          0  0.0120096  0.0128102  0.0128102  0.0432346  0.0872698  0.0552442   0.776621   0.465386 -0.0505262   0.412754  0.0526317       1249  l
0.000795545           0    0.140811     0.73031           0           0    0.128083   0.0755768   0.0883055   0.0835322    0.548926    0.147971   0.0397772   0.0159109           0           0           0    0.584726     0.38743   0.0278441           0   0.0119332   0.0127287   0.0127287   0.0421639   0.0827367   0.0596659    0.778043    0.465386  -0.0462219    0.408472   0.0569132        1257  l
         0          0   0.148413   0.720635          0          0   0.130952  0.0777778  0.0920635  0.0865079   0.542063   0.146032  0.0388889  0.0166667          0          0          0   0.585714   0.385714  0.0285714          0  0.0119048  0.0126984  0.0126984  0.0388889  0.0857143  0.0595238   0.778571   0.465386 -0.0496173   0.412646    0.05274       1260  l
         0          0   0.159684    0.70751          0          0   0.132806  0.0774704  0.0916996  0.0837945   0.547826   0.144664  0.0371541  0.0173913          0          0          0   0.582609   0.387352  0.0300395          0  0.0118577  0.0126482  0.0126482  0.0332016  0.0916996  0.0600791   0.777866   0.465386 -0.0471978   0.410978  0.0544075       1265  l
 0.0291262  0.0242718  0.0728155   0.484466 0.00291262  0.0038835   0.382524  0.0135922  0.0223301  0.0902913   0.705825  0.0786408  0.0145631  0.0747573          0          0          0   0.656311   0.304854  0.0281553  0.0106796  0.0145631   0.015534  0.0165049  0.0339806  0.0679612  0.0737864    0.77767   0.451694 -0.0382579   0.305445   0.146249       1030  l
 0.0283203  0.0244141  0.0722656   0.487305 0.00292969 0.00390625   0.380859  0.0136719  0.0244141  0.0888672   0.703125  0.0791016  0.0146484  0.0761719          0          0          0    0.65918   0.302734  0.0283203 0.00976562  0.0146484   0.015625   0.015625  0.0371094  0.0644531  0.0810547   0.771484   0.454842 -0.0392404   0.309138   0.145704       1024  l
 0.0342801  0.0244858  0.0685602   0.489716  0.0029383 0.00391773   0.376102  0.0146915  0.0235064  0.0881489   0.704212  0.0773751  0.0146915  0.0773751          0          0          0   0.663075   0.300686  0.0264447 0.00979432  0.0146915  0.0156709  0.0146915  0.0372184  0.0636631  0.0832517   0.770813   0.454842  -0.036141   0.305638   0.149204       1021  l
0.00381194 0.00381194          0   0.584498          0 0.00508259   0.402795 0.00762389  0.0393901   0.025413   0.884371  0.0406607          0  0.0025413          0          0   0.148666   0.359593   0.462516  0.0177891  0.0114358  0.0165184  0.0139771  0.0152478  0.0152478  0.0152478  0.0304956   0.893266   0.415696 -0.0130547   0.276046    0.13965        787  l
0.00255754 0.00383632          0   0.585678          0 0.00639386   0.401535 0.00895141  0.0396419  0.0319693    0.87468  0.0421995          0 0.00255754          0          0   0.152174   0.352941   0.462916  0.0191816  0.0127877  0.0153453  0.0153453  0.0153453  0.0153453  0.0153453  0.0306905   0.892583   0.415696 -0.0133244   0.276257   0.139439        782  l
0.00255428 0.00383142          0   0.579821          0  0.0063857   0.407407 0.00893997  0.0395913  0.0408685   0.862069   0.045977          0 0.00255428          0          0   0.153257   0.339719   0.473819  0.0204342  0.0127714  0.0153257  0.0153257  0.0166028  0.0140485  0.0153257  0.0306513    0.89272   0.415696 -0.0117013   0.274392   0.141303        783  l
 0.0025641 0.00384615          0   0.578205          0 0.00641026   0.408974 0.00897436  0.0397436  0.0423077   0.860256  0.0461538          0  0.0025641          0          0   0.152564   0.330769   0.482051  0.0217949  0.0128205  0.0166667  0.0141026  0.0166667  0.0153846  0.0141026  0.0307692   0.892308   0.415696 -0.0131954   0.275631   0.140064        780  l
0.00258065 0.00387097          0   0.578065          0 0.00645161   0.409032 0.00903226       0.04  0.0348387   0.868387  0.0451613          0 0.00258065          0          0   0.157419   0.334194   0.473548  0.0219355  0.0129032  0.0167742  0.0129032  0.0180645  0.0154839  0.0141935  0.0258065   0.896774   0.415696 -0.0145178   0.276855    0.13884        775  l
0.00258732 0.00388098          0   0.575679          0 0.00646831   0.411384 0.00905563  0.0401035  0.0284605    0.87969  0.0401035          0 0.00258732          0          0   0.155239   0.351876   0.457956  0.0219922  0.0129366  0.0155239  0.0142303  0.0168176  0.0155239  0.0155239  0.0284605    0.89392   0.415696 -0.0138036   0.275964   0.139731        773  l
0.00258065 0.00387097          0   0.570323          0 0.00645161   0.416774 0.00903226       0.04  0.0309677   0.872258  0.0451613          0 0.00258065          0          0   0.152258   0.334194    0.47871  0.0219355  0.0129032  0.0154839  0.0154839  0.0154839  0.0154839  0.0141935  0.0387097   0.885161   0.415696 -0.0110902   0.272961   0.142734        775  l
 0.0138675 0.00308166 0.00308166   0.546995          0  0.0046225   0.428351  0.0308166  0.0816641  0.0400616   0.785824  0.0585516          0 0.00308166          0 0.00308166   0.164869   0.274268    0.51926  0.0231125  0.0154083  0.0154083  0.0200308  0.0169492  0.0169492  0.0169492  0.0215716   0.892142   0.425467 -0.0232238   0.292829   0.132638        649  l
 0.0170279 0.00309598 0.00309598   0.544892          0 0.00464396   0.427245  0.0309598  0.0820433  0.0402477   0.778638  0.0650155          0 0.00309598          0 0.00309598   0.165635   0.263158   0.529412  0.0232198  0.0154799  0.0170279  0.0185759  0.0170279  0.0170279  0.0201238  0.0170279   0.893189   0.425467 -0.0220609   0.291612   0.133855        646  l
 0.0202177 0.00311042 0.00311042   0.542768          0 0.00466563   0.426128  0.0311042  0.0855365  0.0404355   0.777605  0.0622084          0 0.00311042          0 0.00311042   0.167963   0.267496   0.522551  0.0233281  0.0155521  0.0171073  0.0171073  0.0171073  0.0186625  0.0217729  0.0124417   0.895801   0.425467 -0.0223548   0.291345   0.134122        643  l
  0.022082 0.00315457 0.00315457   0.545741          0 0.00473186   0.421136  0.0315457  0.0867508  0.0410095   0.776025  0.0615142          0 0.00315457          0 0.00315457   0.170347   0.272871   0.514196  0.0236593  0.0157729  0.0173502  0.0157729  0.0189274  0.0189274  0.0205047  0.0141956   0.894322   0.425467 -0.0240185   0.293113   0.132354        634  l
 0.0207337 0.00318979 0.00318979    0.54386          0 0.00478469   0.424242  0.0318979  0.0877193  0.0414673   0.781499  0.0542265          0 0.00318979          0 0.00318979   0.172249   0.288676   0.497608  0.0223285   0.015949  0.0175439   0.015949  0.0191388  0.0191388  0.0207337  0.0127592   0.894737   0.425467 -0.0248433   0.293841   0.131626        627  l
 0.0543478   0.013587          0   0.839674          0 0.00543478  0.0869565  0.0434783   0.048913  0.0298913   0.866848          0  0.0108696          0          0 0.00815217   0.451087   0.404891  0.0896739  0.0353261  0.0108696  0.0244565  0.0271739  0.0244565  0.0271739  0.0271739  0.0163043   0.853261   0.415696 -0.0360491    0.32761  0.0880859        368  l
 0.0557103  0.0139276          0   0.835655          0  0.0139276  0.0807799  0.0445682  0.0445682  0.0362117    0.86351          0  0.0111421          0          0 0.00835655   0.442897     0.4039   0.097493  0.0362117  0.0111421  0.0250696  0.0278552  0.0278552  0.0250696  0.0278552  0.0139276   0.852368   0.415696 -0.0370053     0.3289  0.0867961        359  l
 0.0591549  0.0140845          0   0.833803          0  0.0140845  0.0788732  0.0450704  0.0450704  0.0366197   0.861972          0  0.0112676          0          0  0.0084507   0.442254   0.402817  0.0985916  0.0366197  0.0112676  0.0253521   0.028169   0.028169  0.0253521  0.0253521  0.0140845   0.853521   0.415696 -0.0365036   0.328376  0.0873199        355  l
  0.059322  0.0141243          0   0.833333          0  0.0141243   0.079096  0.0451977  0.0451977  0.0367232   0.861582          0  0.0112994          0          0 0.00847458   0.449153    0.40113  0.0932203  0.0367232  0.0112994  0.0254237  0.0282486  0.0282486  0.0282486   0.019774  0.0141243   0.855932   0.415696 -0.0362068   0.327836  0.0878594        354  l
 0.0648968  0.0147493          0   0.825959          0  0.0147493   0.079646  0.0442478  0.0501475  0.0383481   0.855457          0  0.0117994          0          0 0.00884956   0.439528    0.40708  0.0973451  0.0353982  0.0117994  0.0265487  0.0294985  0.0294985  0.0265487   0.020649  0.0176991   0.849558   0.415696 -0.0404312   0.332654  0.0830416        339  l
 0.0787234 0.00638298   0.246809   0.176596  0.0191489  0.0148936   0.457447          0  0.0361702   0.125532   0.225532   0.180851   0.223404   0.208511 0.00212766   0.119149  0.0191489   0.182979   0.117021   0.555319 0.00425532  0.0234043  0.0212766  0.0212766  0.0255319  0.0404255  0.0255319   0.842553   0.487556 -0.0462996   0.405817  0.0817384        470  l
 0.0828025 0.00636943   0.280255   0.118896  0.0382166   0.135881    0.33758          0  0.0169851   0.121019   0.214437   0.167728   0.246284   0.233546 0.00212314   0.146497 0.00212314   0.174098  0.0976645   0.541401  0.0360934  0.0233546  0.0212314  0.0212314  0.0254777  0.0360934  0.0318471   0.840764   0.487556 -0.0489533    0.40993  0.0776256        471  l
 0.0293501  0.0754717   0.297694  0.0838574   0.048218   0.243187   0.222222          0          0  0.0566038   0.251572   0.125786   0.176101   0.389937   0.102725  0.0587002 0.00628931   0.167715  0.0649895   0.178197   0.421384  0.0230608  0.0209644  0.0209644  0.0251572  0.0377358  0.0272537   0.844864   0.487556 -0.0485037   0.410342  0.0772137        477  l
       0.1  0.0166667          0   0.564583          0     0.0375    0.28125  0.0333333    0.01875  0.0333333    0.60625   0.108333   0.108333  0.0916667          0      0.025   0.370833   0.277083   0.266667    0.05625 0.00416667  0.0229167  0.0208333  0.0208333      0.025  0.0333333    0.03125   0.845833   0.487556 -0.0458011   0.407928   0.079628        480  l
  0.090535 0.00411523          0   0.569959          0  0.0493827   0.286008  0.0329218  0.0185185  0.0349794   0.611111   0.106996   0.106996  0.0884774          0  0.0102881   0.366255   0.283951   0.263374  0.0699589 0.00617284  0.0226337  0.0205761  0.0205761  0.0246914  0.0349794  0.0308642   0.845679   0.487556 -0.0424612   0.405036    0.08252        486  l
 0.0916497 0.00407332          0   0.574338          0  0.0488798   0.281059  0.0325866  0.0183299  0.0285132   0.619145   0.101833    0.10998   0.089613          0  0.0101833   0.376782   0.268839   0.266802  0.0712831 0.00610998  0.0224033  0.0203666  0.0203666  0.0244399  0.0305499  0.0346232   0.847251   0.487556  -0.042215   0.405404  0.0821519        491  l
 0.0838446 0.00408998          0   0.580777          0  0.0490798   0.282209  0.0306748  0.0204499  0.0286299   0.623722   0.100204   0.108384  0.0879346          0  0.0102249   0.368098   0.265849   0.280164  0.0695297 0.00613497  0.0224949  0.0204499  0.0204499  0.0245399  0.0245399  0.0388548   0.848671   0.487556 -0.0442783   0.408994  0.0785613        489  l
 0.0106383          0          0   0.730496          0  0.0567376   0.202128  0.0195035  0.0106383 0.00886525   0.785461  0.0620567  0.0780142   0.035461          0 0.00177305   0.370567   0.315603   0.212766  0.0478723  0.0514184  0.0195035  0.0177305  0.0212766  0.0177305  0.0195035  0.0195035   0.884752   0.490891 -0.0309789   0.422457  0.0684336        564  l
 0.0106952          0          0    0.73975          0   0.057041   0.192513  0.0196078 0.00891266  0.0106952   0.787879  0.0623886  0.0748663  0.0356506          0 0.00178253   0.360071   0.313726   0.222816  0.0499109  0.0516934  0.0196078  0.0178253  0.0213904  0.0178253  0.0178253  0.0213904   0.884135   0.491729 -0.0347765   0.427477  0.0642521        561  l
 0.0106007          0          0   0.742049          0  0.0565371   0.190813  0.0194346 0.00883392 0.00883392   0.793286  0.0618375  0.0724382  0.0353357          0 0.00176678   0.376325   0.312721   0.210247  0.0459364  0.0530035  0.0194346  0.0176678  0.0212014  0.0176678  0.0176678  0.0212014   0.885159   0.491729 -0.0308955   0.424039  0.0676901        566  l
 0.0106383          0          0   0.748227          0  0.0567376   0.184397  0.0195035 0.00886525 0.00886525   0.794326  0.0620567   0.070922   0.035461          0 0.00177305   0.379433   0.315603   0.203901  0.0460993  0.0531915  0.0195035  0.0177305  0.0212766  0.0177305  0.0177305  0.0212766   0.884752   0.491729 -0.0331556   0.427156  0.0645727        564  l
0.00680272          0  0.0816327   0.609524          0          0   0.302041          0   0.047619   0.137415   0.353741   0.228571   0.204082  0.0285714          0 0.00408163  0.0517007  0.0557823   0.827211  0.0598639 0.00136054  0.0176871   0.014966  0.0176871   0.029932  0.0340136  0.0489796   0.836735   0.453314 -0.0421702   0.393344  0.0599705        735  l
 0.0120968          0  0.0685484   0.612903 0.00672043          0   0.299731 0.00268817  0.0685484    0.13172   0.388441   0.302419   0.077957  0.0282258          0 0.00403226  0.0456989   0.193548   0.692204   0.063172 0.00134409  0.0174731   0.016129   0.016129  0.0282258  0.0362903  0.0443548   0.841398   0.454926 -0.0418559   0.393786  0.0611402        744  l
 0.0268817          0  0.0860215   0.598118 0.00268817          0    0.28629 0.00672043   0.103495   0.110215   0.407258   0.330645  0.0147849  0.0268817          0 0.00403226  0.0456989   0.399194    0.50672  0.0430108 0.00134409  0.0174731   0.016129   0.016129  0.0282258  0.0336022  0.0456989   0.842742   0.454926 -0.0429328   0.395215  0.0597113        744  l
 0.0187668          0   0.107239   0.569705 0.00536193          0   0.298928 0.00268097  0.0670241    0.13807   0.406166   0.214477   0.143432  0.0281501          0 0.00402145  0.0522788   0.183646    0.69437  0.0643432 0.00134048  0.0174263  0.0160858  0.0160858  0.0268097   0.036193  0.0335121   0.853887   0.454926 -0.0439374   0.397205  0.0577209        746  l
  0.025266          0   0.105053   0.569149 0.00664894          0   0.293883 0.00132979  0.0664894   0.138298   0.405585   0.219415   0.140957  0.0279255          0 0.00265957  0.0531915   0.191489    0.68484  0.0664894 0.00132979  0.0172872  0.0159574  0.0159574  0.0239362  0.0359043  0.0452128   0.845745   0.454926 -0.0418382   0.395564  0.0593624        752  l
0.0847682         0  0.380132  0.299338         0         0  0.235762         0 0.0344371  0.217219  0.329801 0.0966887  0.290066 0.0317881         0 0.0304636  0.111258  0.133775  0.361589  0.361589 0.0013245 0.0172185  0.015894  0.015894 0.0211921 0.0370861 0.0410596  0.851656  0.454926 -0.042441  0.396482 0.0584436       755  l
 0.0921053          0   0.523684   0.142105 0.00921053 0.00394737   0.228947          0  0.0289474   0.243421   0.296053  0.0789474   0.231579   0.121053          0  0.0684211      0.075   0.135526   0.167105   0.552632 0.00131579  0.0171053  0.0157895  0.0157895  0.0157895  0.0368421  0.0421053   0.856579   0.454926 -0.0427958   0.397389  0.0575367        760  l
 0.0946124          0   0.509855   0.157687 0.00525624          0   0.232589          0  0.0302234   0.244415   0.291721  0.0827858    0.26544  0.0854139          0   0.065703  0.0788436   0.128778   0.187911   0.537451 0.00131406  0.0170828  0.0157687  0.0157687  0.0157687  0.0328515  0.0420499    0.86071   0.454926 -0.0439184   0.399335   0.055591        761  l
 0.00807899           0   0.0529623      0.7693           0           0    0.169659           0    0.051167     0.20377    0.385099    0.184022    0.165171    0.010772           0           0   0.0421903   0.0583483    0.868043   0.0305206 0.000897666   0.0125673   0.0125673    0.013465   0.0287253     0.05386   0.0628366    0.815978    0.458316  -0.0455903    0.404832   0.0534838        1114  l
 0.0044287          0  0.0620018   0.761736          0          0   0.171833 0.00088574  0.0513729   0.204606   0.400354   0.171833   0.159433  0.0115146          0          0  0.0416298  0.0558016   0.870682  0.0310009 0.00088574  0.0115146  0.0141718  0.0124004  0.0248007  0.0584588  0.0513729   0.827281   0.458316 -0.0402241   0.399981  0.0583349       1129  l
   0.037037           0    0.314815    0.506173  0.00176367           0    0.140212           0   0.0388007    0.293651    0.359788    0.116402    0.173721   0.0176367           0  0.00970018   0.0881834   0.0485009    0.583774    0.268959 0.000881834   0.0123457   0.0114638   0.0132275   0.0246914   0.0599647   0.0555556    0.822751    0.458316  -0.0408657    0.400958    0.057358        1134  l
  0.0280456           0    0.138475    0.682734           0           0    0.150745           0   0.0473269    0.280456     0.37248    0.114812    0.168273   0.0166521           0           0   0.0841367   0.0657318    0.779141   0.0701139 0.000876424   0.0122699   0.0122699   0.0122699   0.0236635   0.0595968   0.0587204    0.821209    0.458316  -0.0402353    0.400756   0.0575598        1141  l
  0.0121845           0   0.0913838     0.72846           0           0    0.167972  0.00435161   0.0670148    0.226284    0.447346   0.0905135    0.150566   0.0139252           0           0   0.0443864    0.132289     0.78416   0.0382942 0.000870322   0.0113142   0.0139252   0.0113142   0.0226284   0.0574413   0.0591819    0.824195    0.466665  -0.0390063    0.400542   0.0661229        1149  l
          0           0   0.0829694    0.733624           0           0    0.183406   0.0122271     0.09869     0.10655    0.537118    0.199127   0.0331878   0.0131004           0           0  0.00349345    0.496943    0.469869    0.028821 0.000873362   0.0122271   0.0122271   0.0122271   0.0209607   0.0558952   0.0646288    0.821834    0.466665  -0.0422907    0.404371   0.0622941        1145  l
0.000862813           0   0.0957722    0.722174           0           0    0.181191  0.00862813   0.0871441    0.176877     0.48145     0.15962   0.0724763    0.013805           0           0   0.0207075    0.173425    0.761864   0.0431406 0.000862813   0.0120794   0.0129422   0.0112166   0.0189819   0.0569456   0.0586713    0.829163    0.466665  -0.0378388    0.400033   0.0666317        1159  l
  0.0334764           0    0.128755    0.687554           0           0    0.150215  0.00600858   0.0686695    0.264378    0.404292   0.0944206    0.145923    0.016309           0           0   0.0652361    0.134764    0.742489   0.0566524 0.000858369   0.0120172   0.0120172   0.0120172   0.0154506   0.0600858   0.0566524     0.83176    0.466665  -0.0363157    0.399198   0.0674667        1165  l
  0.0964164           0    0.232935    0.577645  0.00426621           0   0.0887372 0.000853242   0.0511945    0.343003    0.327645   0.0861775    0.168942   0.0221843           0     0.03157   0.0964164    0.110922    0.616041    0.144198 0.000853242   0.0119454   0.0119454   0.0127986   0.0119454   0.0605802   0.0571672    0.833618    0.469694  -0.0352689    0.398938   0.0707556        1172  l
      0.08  0.0311111          0   0.613333          0  0.0533333   0.222222  0.0355556 0.00888889 0.00444444   0.622222   0.133333  0.0977778  0.0977778 0.00444444       0.04   0.302222   0.395556   0.168889  0.0888889          0       0.04  0.0355556       0.04       0.04  0.0577778  0.0444444   0.742222   0.420899 -0.0664177   0.398694  0.0222057        225  l
 0.0701754  0.0219298          0   0.618421          0  0.0789474   0.210526  0.0350877 0.00877193 0.00438596   0.627193   0.140351  0.0877193  0.0964912 0.00438596  0.0350877   0.298246   0.442982   0.122807  0.0964912          0  0.0394737  0.0350877  0.0438596  0.0350877  0.0482456  0.0526316   0.745614   0.420899 -0.0658649   0.398674  0.0222255        228  l
 0.0657895  0.0438596          0   0.627193          0  0.0570175    0.20614  0.0350877 0.00877193          0   0.635965   0.127193  0.0964912  0.0964912 0.00438596  0.0350877   0.276316   0.399123   0.179825   0.105263          0  0.0394737  0.0350877  0.0438596  0.0350877  0.0394737  0.0614035   0.745614   0.420899 -0.0659016   0.400664  0.0202358        228  l
  0.073913  0.0173913          0   0.630435          0  0.0565217   0.221739  0.0347826 0.00869565          0   0.643478    0.13913  0.0869565  0.0869565 0.00434783  0.0304348   0.308696   0.408696   0.143478   0.104348          0  0.0391304  0.0347826  0.0434783  0.0347826  0.0391304  0.0608696   0.747826   0.420899 -0.0627041   0.397908  0.0229909        230  l
 0.0862069  0.0215517          0   0.633621          0  0.0646552   0.193966  0.0344828 0.00862069          0   0.642241   0.137931  0.0818966  0.0948276 0.00431034  0.0172414   0.323276   0.396552   0.146552   0.112069          0  0.0387931  0.0344828  0.0431034  0.0344828  0.0387931  0.0560345    0.75431   0.420899 -0.0654352   0.401057  0.0198426        232  l
 0.0641026  0.0384615          0   0.636752          0  0.0641026   0.196581   0.034188  0.0042735  0.0042735   0.645299   0.136752  0.0811966  0.0940171  0.0042735 0.00854701   0.307692   0.384615   0.183761   0.111111          0  0.0384615   0.034188  0.0384615  0.0384615  0.0384615  0.0555556    0.75641   0.420899 -0.0641823   0.400214   0.020685        234  l
         0          0          0   0.965251          0          0   0.034749   0.034749          0   0.003861    0.96139          0          0          0          0          0   0.185328   0.490348   0.324324          0          0   0.034749   0.030888   0.034749   0.034749   0.030888   0.034749   0.799228    0.12386 -0.0264551  0.0891837  0.0346762        259  l
         0          0          0   0.961686          0          0  0.0383142  0.0383142          0  0.0114943   0.942529 0.00766284          0          0          0          0  0.0766283   0.482759   0.440613          0          0  0.0344828  0.0306513  0.0344828  0.0344828  0.0306513  0.0344828   0.800766    0.12386 -0.0270357  0.0901604  0.0336995        261  l
         0          0          0   0.961977          0          0  0.0380228  0.0342205 0.00380228 0.00380228   0.958175          0          0          0          0          0   0.186312   0.471483   0.342205          0          0  0.0342205  0.0304183  0.0304183  0.0380228  0.0304183  0.0304183   0.806084    0.12386 -0.0270556  0.0910858  0.0327742        263  l
         0          0          0   0.961977          0          0  0.0380228  0.0380228          0  0.0114068   0.942966 0.00760456          0          0          0          0   0.095057   0.471483    0.43346          0          0  0.0342205  0.0304183  0.0304183  0.0380228  0.0304183  0.0342205   0.802281   0.123652 -0.0255687  0.0896331  0.0340193        263  l
         0          0          0   0.961686          0          0  0.0383142  0.0383142          0   0.199234   0.578544   0.183908          0          0          0          0  0.0881226   0.467433   0.444444          0          0  0.0344828  0.0306513  0.0306513  0.0383142  0.0306513  0.0344828   0.800766   0.123652 -0.0264501   0.090555  0.0330974        261  l
