          0           0           0     0.69863           0           0     0.30137           0           0   0.0136986    0.972603   0.0136986           0           0           0           0   0.0136986     0.60274    0.383562           0           0   0.0890411   0.0821918   0.0890411   0.0890411   0.0890411    0.273973    0.287671   0.0305357 -0.00801524   0.0223934  0.00814225         146  l
          0           0           0    0.707483           0           0    0.292517           0           0           0    0.993197  0.00680272           0           0           0           0   0.0136054    0.605442    0.380952           0           0   0.0884354   0.0816327   0.0884354   0.0884354   0.0884354    0.272109    0.292517   0.0305357 -0.00754211   0.0222305  0.00830519         147  l
          0           0           0    0.709459           0           0    0.290541           0           0           0    0.993243  0.00675676           0           0           0           0    0.027027    0.601351    0.371622           0           0   0.0878378   0.0810811   0.0945946   0.0810811   0.0878378    0.277027    0.290541   0.0305357 -0.00514215   0.0199062   0.0106295         148  l
          0           0           0    0.712329           0           0    0.287671           0           0           0    0.993151  0.00684932           0           0           0           0   0.0479452    0.609589    0.342466           0           0   0.0890411   0.0821918   0.0958904   0.0821918   0.0821918    0.273973    0.294521   0.0305357 -0.00897219   0.0240089   0.0065268         146  l
         0          0          0    0.71831          0          0    0.28169          0          0          0          1          0          0          0          0          0  0.0352113   0.619718    0.34507          0          0  0.0915493   0.084507  0.0915493  0.0915493   0.084507   0.246479   0.309859  0.0305357  -0.011718  0.0270334 0.00350228        142  l
          0           0           0    0.705479           0           0    0.294521           0           0           0           1           0           0           0           0           0   0.0342466     0.60274    0.363014           0           0   0.0890411   0.0821918   0.0821918   0.0958904   0.0821918     0.30137    0.267123   0.0305357 -0.00783356   0.0230629  0.00747277         146  l
         0          0          0   0.717241          0          0   0.282759          0          0          0          1          0          0          0          0          0  0.0482759   0.606897   0.344828          0          0  0.0896552  0.0827586  0.0827586  0.0965517  0.0827586   0.296552   0.268966  0.0305357 -0.0067915  0.0223157 0.00821996        145  l
          0           0           0    0.717241           0           0    0.282759           0           0           0           1           0           0           0           0           0   0.0344828    0.606897    0.358621           0           0   0.0896552   0.0827586   0.0896552   0.0896552   0.0827586    0.282759    0.282759   0.0305357 -0.00862759   0.0242426  0.00629313         145  l
          0           0           0     0.72028           0           0     0.27972           0           0           0    0.993007  0.00699301           0           0           0           0   0.0839161    0.615385    0.300699           0           0   0.0909091   0.0839161   0.0909091   0.0909091   0.0839161    0.286713    0.272727   0.0286937 -0.00752906   0.0216204  0.00707324         143  l
          0           0           0    0.715278           0           0    0.284722           0           0           0    0.993056  0.00694444           0           0           0           0   0.0833333    0.611111    0.305556           0           0   0.0902778   0.0833333   0.0902778   0.0902778   0.0833333    0.298611    0.263889   0.0286937 -0.00723354   0.0213645  0.00732914         144  l
         0          0          0   0.715278          0          0   0.284722          0          0          0   0.993056 0.00694444          0          0          0          0  0.0833333   0.611111   0.305556          0          0  0.0902778  0.0833333  0.0902778  0.0902778  0.0833333   0.291667   0.270833  0.0280969 -0.0078965  0.0215742 0.00652266        144  l
          0           0           0    0.705479           0           0    0.294521           0           0           0    0.993151  0.00684932           0           0           0           0   0.0821918     0.60274    0.315068           0           0   0.0890411   0.0821918   0.0890411   0.0890411   0.0821918    0.294521    0.273973   0.0280969 -0.00543728   0.0191495  0.00894734         146  l
         0          0          0   0.715278          0          0   0.284722          0          0          0   0.993056 0.00694444          0          0          0          0  0.0833333   0.611111   0.305556          0          0  0.0902778  0.0833333  0.0902778  0.0902778  0.0833333   0.284722   0.277778  0.0280969 -0.0070079  0.0210052 0.00709164        144  l
          0           0           0    0.717241           0           0    0.282759           0           0           0    0.993103  0.00689655           0           0           0           0   0.0896552    0.606897    0.303448           0           0   0.0896552   0.0827586   0.0896552   0.0896552   0.0827586    0.296552    0.268966   0.0280969 -0.00550039   0.0196303  0.00846653         145  l
         0          0          0   0.725352          0          0   0.274648          0          0          0          1          0          0          0          0          0   0.056338   0.619718   0.323944          0          0  0.0915493   0.084507   0.084507  0.0985916   0.084507   0.253521   0.302817  0.0270226 -0.0102949  0.0236047 0.00341789        142  l
          0           0           0    0.719178           0           0    0.280822           0           0           0    0.972603   0.0273973           0           0           0           0   0.0205479     0.60274    0.376712           0           0   0.0890411   0.0821918   0.0890411   0.0890411   0.0821918    0.273973    0.294521   0.0270226 -0.00682707   0.0200791  0.00694348         146  l
          0           0           0    0.721088           0           0    0.278912           0           0           0    0.972789   0.0272109           0           0           0           0    0.047619    0.598639    0.353741           0           0   0.0884354   0.0816327   0.0884354   0.0884354   0.0816327    0.278912    0.292517   0.0270226 -0.00587821    0.019207  0.00781561         147  l
          0           0           0    0.731034           0           0    0.268966           0           0           0    0.993103  0.00689655           0           0           0           0    0.062069    0.606897    0.331034           0           0   0.0896552   0.0827586   0.0896552   0.0827586   0.0896552    0.282759    0.282759   0.0270226 -0.00580545   0.0193952  0.00762741         145  l
          0           0           0    0.736111           0           0    0.263889           0           0           0    0.965278   0.0347222           0           0           0           0   0.0277778    0.611111    0.361111           0           0   0.0902778   0.0833333   0.0833333   0.0972222   0.0833333    0.277778    0.284722   0.0270226 -0.00851889   0.0222491  0.00477354         144  l
          0           0           0    0.741259           0           0    0.258741           0           0           0           1           0           0           0           0           0   0.0629371    0.615385    0.321678           0           0   0.0909091   0.0839161   0.0839161   0.0909091   0.0909091    0.251748    0.307692   0.0270226 -0.00906353   0.0229483  0.00407432         143  l
          0           0           0    0.743056           0           0    0.256944           0           0           0           1           0           0           0           0           0   0.0763889    0.611111      0.3125           0           0   0.0902778   0.0833333   0.0833333   0.0972222   0.0833333    0.256944    0.305556   0.0270226 -0.00856227   0.0225641   0.0044585         144  l
          0           0           0    0.739726           0           0    0.260274           0           0           0           1           0           0           0           0           0     0.10274     0.60274    0.294521           0           0   0.0890411   0.0821918   0.0890411   0.0890411   0.0821918    0.294521    0.273973   0.0270226 -0.00386213   0.0179074  0.00911523         146  l
          0           0           0    0.744828           0           0    0.255172           0           0           0           1           0           0           0           0           0    0.103448    0.606897    0.289655           0           0   0.0896552   0.0827586   0.0896552   0.0827586   0.0896552    0.268966    0.296552   0.0270226 -0.00648684   0.0207122  0.00631046         145  l
          0           0           0    0.755245           0           0    0.244755           0           0           0           1           0           0           0           0           0    0.104895    0.615385     0.27972           0           0   0.0909091   0.0839161   0.0909091   0.0839161   0.0909091    0.244755    0.314685   0.0270226 -0.00906073   0.0235042  0.00351843         143  l
          0           0           0    0.755245           0           0    0.244755           0           0           0           1           0           0           0           0           0   0.0699301    0.615385    0.314685           0           0   0.0909091   0.0839161   0.0839161   0.0909091   0.0909091    0.230769    0.328671   0.0270226 -0.00960613   0.0241436  0.00287905         143  l
         0          0          0   0.753521          0          0   0.246479          0          0          0          1          0          0          0          0          0  0.0704225   0.619718   0.309859          0          0  0.0915493   0.084507   0.084507  0.0985916   0.084507    0.21831   0.338028  0.0270226 -0.0100531  0.0247705 0.00225215        142  l
          0           0           0        0.75           0           0        0.25           0           0           0    0.979167   0.0208333           0           0           0           0   0.0347222    0.611111    0.354167           0           0   0.0902778   0.0833333   0.0833333   0.0902778   0.0902778    0.263889    0.298611   0.0270226 -0.00740502   0.0221784  0.00484423         144  l
          0           0           0    0.762238           0           0    0.237762           0           0           0    0.993007  0.00699301           0           0           0           0    0.048951    0.615385    0.335664           0           0   0.0909091   0.0839161   0.0839161   0.0909091   0.0909091    0.286713    0.272727   0.0249616 -0.00561718   0.0185839  0.00637771         143  l
          0           0           0    0.756944           0           0    0.243056           0           0           0           1           0           0           0           0           0   0.0902778    0.611111    0.298611           0           0   0.0902778   0.0833333   0.0833333   0.0902778   0.0902778    0.256944    0.305556   0.0249616 -0.00721232   0.0202444  0.00471726         144  l
          0           0           0    0.767606           0           0    0.232394           0           0           0           1           0           0           0           0           0   0.0985916    0.619718     0.28169           0           0   0.0915493    0.084507    0.084507   0.0915493   0.0915493    0.260563    0.295775   0.0236247 -0.00752042   0.0194865  0.00413817         142  l
         0          0          0   0.774648          0          0   0.225352          0          0          0          1          0          0          0          0          0  0.0774648   0.619718   0.302817          0          0  0.0915493   0.084507   0.084507  0.0915493  0.0915493   0.253521   0.302817  0.0236247 -0.0090288  0.0211464  0.0024783        142  l
          0           0           0    0.770833           0           0    0.229167           0           0           0           1           0           0           0           0           0    0.118056    0.604167    0.277778           0           0   0.0902778   0.0833333   0.0833333   0.0902778   0.0833333    0.284722    0.284722   0.0236247 -0.00644853   0.0184996  0.00512506         144  l
          0           0           0    0.776224           0           0    0.223776           0           0           0           1           0           0           0           0           0   0.0839161    0.615385    0.300699           0           0   0.0909091   0.0839161   0.0839161   0.0909091   0.0909091    0.223776    0.335664   0.0236247 -0.00883711   0.0211762  0.00244844         143  l
          0           0           0    0.773973           0           0    0.226027           0           0           0           1           0           0           0           0           0    0.116438     0.59589    0.287671           0           0   0.0821918   0.0890411   0.0821918   0.0890411   0.0821918     0.30137    0.273973   0.0236247 -0.00419375   0.0163765  0.00724819         146  l
          0           0           0     0.79021           0           0     0.20979           0           0           0           1           0           0           0           0           0    0.111888    0.608392     0.27972           0           0   0.0909091   0.0839161   0.0839161   0.0909091   0.0839161    0.265734    0.300699   0.0236247 -0.00606254   0.0184951  0.00512958         143  l
          0           0           0    0.793103           0           0    0.206897           0           0           0           1           0           0           0           0           0    0.117241         0.6    0.282759           0           0   0.0896552   0.0827586   0.0827586   0.0896552   0.0827586    0.296552    0.275862   0.0236247 -0.00228873   0.0147402  0.00888452         145  l
         0          0          0   0.785235          0          0   0.214765          0          0 0.00671141    0.95302  0.0402685          0          0          0          0  0.0671141   0.583893   0.348993          0          0  0.0805369  0.0872483  0.0805369  0.0872483  0.0805369   0.328859   0.255034  0.0236247 0.00244711  0.0099127   0.013712        149  l
         0          0          0          1          0          0          0          0          0          0          1          0          0          0          0          0          0          1          0          0          0   0.142857   0.155844    0.12987   0.155844    0.12987   0.155844    0.12987  0.0186828 0.00134286 0.00688972  0.0117931         77  l
          0           0           0           1           0           0           0           0           0           0           1           0           0           0           0           0           0           1           0           0           0    0.142857    0.155844     0.12987    0.155844     0.12987    0.155844     0.12987   0.0186828 0.000390704  0.00797215   0.0107107          77  l
         0          0          0          1          0          0          0          0          0          0          1          0          0          0          0          0          0          1          0          0          0   0.142857   0.155844    0.12987   0.155844    0.12987   0.142857   0.142857  0.0210142 0.00142683  0.0071616  0.0138526         77  l
         0          0          0          1          0          0          0          0          0          0          1          0          0          0          0          0          0          1          0          0          0   0.142857   0.155844    0.12987   0.155844    0.12987    0.12987   0.155844  0.0224947 0.00530886 0.00351614  0.0189786         77  l
         0          0          0          1          0          0          0          0          0          0          1          0          0          0          0          0          0          1          0          0          0   0.142857   0.155844    0.12987   0.142857   0.142857   0.142857   0.142857  0.0224947 0.00252454 0.00643907  0.0160556         77  l
         0          0          0          1          0          0          0          0          0          0          1          0          0          0          0          0          0          1          0          0          0   0.142857   0.155844    0.12987   0.155844    0.12987   0.142857   0.142857  0.0224947 0.00347762 0.00558756  0.0169071         77  l
         0          0          0          1          0          0          0          0          0          0          1          0          0          0          0          0          0          1          0          0          0   0.142857   0.155844    0.12987   0.155844    0.12987   0.142857   0.142857  0.0224947 -0.0011452  0.0103647    0.01213         77  l
           0            0            0            1            0            0            0            0            0            0            1            0            0            0            0            0            0            1            0            0            0     0.142857     0.142857     0.142857     0.155844      0.12987     0.142857     0.142857    0.0224947 -0.000120385   0.00948732    0.0130074           77  l
         0          0          0          1          0          0          0          0          0          0          1          0          0          0          0          0          0          1          0          0          0   0.142857   0.155844    0.12987   0.142857   0.142857   0.142857   0.142857  0.0224947 0.00565776 0.00389208  0.0186026         77  l
         0          0          0          1          0          0          0          0          0          0          1          0          0          0          0          0          0          1          0          0          0   0.142857   0.155844    0.12987   0.142857   0.142857   0.142857   0.142857  0.0224947 0.00203046 0.00768925  0.0148055         77  l
         0          0          0          1          0          0          0          0          0          0          1          0          0          0          0          0          0          1          0          0          0   0.142857   0.142857   0.142857   0.142857   0.142857   0.142857   0.142857  0.0224947 0.00216365 0.00771187  0.0147828         77  l
         0          0          0          1          0          0          0          0          0          0          1          0          0          0          0          0          0          1          0          0          0   0.142857   0.142857   0.142857   0.155844    0.12987   0.142857   0.142857  0.0224947 0.00422696 0.00583954  0.0166552         77  l
         0          0          0          1          0          0          0          0          0          0          1          0          0          0          0          0          0          1          0          0          0   0.144737   0.144737   0.144737   0.144737   0.144737   0.144737   0.131579  0.0205989 0.00389307 0.00441007  0.0161888         76  l
         0          0          0          1          0          0          0          0          0          0          1          0          0          0          0          0          0          1          0          0          0   0.142857   0.155844    0.12987   0.142857   0.142857   0.142857   0.142857  0.0220799 0.00243306 0.00627421  0.0158057         77  l
         0          0          0          1          0          0          0          0          0          0          1          0          0          0          0          0          0          1          0          0          0   0.142857   0.142857   0.142857   0.142857   0.142857   0.142857   0.142857  0.0207597 0.00411114 0.00351237  0.0172474         77  l
         0          0          0          1          0          0          0          0          0          0          1          0          0          0          0          0          0          1          0          0          0   0.142857   0.142857   0.142857   0.142857   0.142857   0.142857   0.142857  0.0207597 0.00435155 0.00347042  0.0172893         77  l
          0           0           0           1           0           0           0           0           0           0           1           0           0           0           0           0           0           1           0           0           0    0.142857    0.155844     0.12987    0.142857    0.142857    0.142857    0.142857   0.0207597 0.000837695  0.00717577    0.013584          77  l
         0          0          0          1          0          0          0          0          0          0          1          0          0          0          0          0          0          1          0          0          0   0.142857   0.155844    0.12987   0.142857   0.142857   0.142857   0.142857  0.0207597 0.00210945 0.00616129  0.0145984         77  l
         0          0          0          1          0          0          0          0          0          0          1          0          0          0          0          0          0          1          0          0          0   0.144737   0.131579   0.157895   0.131579   0.157895   0.144737   0.131579  0.0207597 0.00697349 0.00137465  0.0193851         76  l
         0          0          0          1          0          0          0          0          0          0          1          0          0          0          0          0          0          1          0          0          0   0.144737   0.144737   0.144737   0.144737   0.144737   0.144737   0.131579  0.0207534  0.0026181 0.00597772  0.0147757         76  l
        0         0         0         1         0         0         0         0         0         0         1         0         0         0         0         0         0         1         0         0         0  0.144737  0.144737  0.144737  0.144737  0.144737  0.144737  0.131579 0.0207534 0.0019792 0.0068078 0.0139456        76  l
          0           0           0           1           0           0           0           0           0           0           1           0           0           0           0           0           0           1           0           0           0    0.142857    0.142857    0.142857     0.12987    0.155844    0.142857    0.142857   0.0207534 -0.00133928    0.010444   0.0103094          77  l
         0          0          0          1          0          0          0          0          0          0          1          0          0          0          0          0          0          1          0          0          0   0.144737   0.144737   0.144737   0.144737   0.144737   0.144737   0.131579  0.0207534 0.00172973 0.00748599  0.0132674         76  l
         0          0          0          1          0          0          0          0          0          0          1          0          0          0          0          0          0          1          0          0          0   0.144737   0.131579   0.157895   0.144737   0.131579   0.157895   0.131579  0.0207534 0.00299653 0.00639506  0.0143584         76  l
         0          0          0          1          0          0          0          0          0          0          1          0          0          0          0          0          0          1          0          0          0   0.144737   0.144737   0.144737   0.144737   0.131579   0.157895   0.131579  0.0204596 0.00153616 0.00783437  0.0126252         76  l
           0            0            0            1            0            0            0            0            0            0            1            0            0            0            0            0            0            1            0            0            0     0.144737     0.131579     0.157895     0.144737     0.144737     0.144737     0.131579    0.0204596 -0.000896704    0.0104773    0.0099823           76  l
          0           0           0           1           0           0           0           0           0           0           1           0           0           0           0           0           0           1           0           0           0    0.144737    0.131579    0.157895    0.131579    0.157895    0.144737    0.131579   0.0204596 -0.00425494   0.0140452   0.0064144          76  l
         0          0          0          1          0          0          0          0          0          0          1          0          0          0          0          0          0          1          0          0          0   0.144737   0.144737   0.144737   0.144737   0.144737   0.144737   0.131579  0.0204596 0.00179446 0.00820462   0.012255         76  l
         0          0          0          1          0          0          0          0          0          0          1          0          0          0          0          0          0          1          0          0          0   0.144737   0.144737   0.144737   0.144737   0.131579   0.157895   0.131579  0.0241999 0.00135319 0.00892684  0.0152731         76  l
          0           0           0           1           0           0           0           0           0           0           1           0           0           0           0           0           0           1           0           0           0    0.144737    0.131579    0.157895    0.144737    0.144737    0.144737    0.131579   0.0241999 0.000892955  0.00962399   0.0145759          76  l
          0           0           0           1           0           0           0           0           0           0           1           0           0           0           0           0           0           1           0           0           0    0.144737    0.131579    0.157895    0.131579    0.157895    0.131579    0.144737   0.0241999 -0.00241396   0.0131353   0.0110646          76  l
          0           0           0           1           0           0           0           0           0           0           1           0           0           0           0           0           0           1           0           0           0    0.144737    0.131579    0.157895    0.131579    0.157895    0.131579    0.144737   0.0241999 -0.00199017   0.0128906   0.0113093          76  l
           0            0            0            1            0            0            0            0            0            0            1            0            0            0            0            0            0            1            0            0            0     0.144737     0.144737     0.144737     0.131579     0.157895     0.131579     0.144737    0.0241999 -0.000529377    0.0116942    0.0125058           76  l
         0          0          0          1          0          0          0          0          0          0          1          0          0          0          0          0          0          1          0          0          0   0.144737   0.144737   0.144737   0.144737   0.131579   0.157895   0.131579  0.0241999 0.00187023 0.00953341  0.0146665         76  l
          0           0           0           1           0           0           0           0           0           0           1           0           0           0           0           0           0           1           0           0           0    0.144737    0.131579    0.157895    0.131579    0.144737    0.157895    0.131579   0.0241999 0.000541063    0.011113    0.013087          76  l
          0           0           0           1           0           0           0           0           0           0           1           0           0           0           0           0           0           1           0           0           0    0.144737    0.131579    0.157895    0.131579    0.144737    0.144737    0.144737   0.0241999 6.34046e-05   0.0117399     0.01246          76  l
          0           0           0           1           0           0           0           0           0           0           1           0           0           0           0           0           0           1           0           0           0    0.144737    0.131579    0.157895    0.131579    0.144737    0.144737    0.144737   0.0241999 -0.00311618   0.0151667  0.00903325          76  l
          0           0           0           1           0           0           0           0           0           0           1           0           0           0           0           0           0           1           0           0           0    0.144737    0.131579    0.157895    0.131579    0.144737    0.144737    0.144737   0.0241999 -0.00253197   0.0148281  0.00937183          76  l
           0            0            0            1            0            0            0            0            0            0            1            0            0            0            0            0            0            1            0            0            0     0.144737     0.131579     0.157895     0.131579     0.144737     0.144737     0.144737    0.0241999 -7.15475e-05    0.0126009     0.011599           76  l
          0           0           0           1           0           0           0           0           0           0           1           0           0           0           0           0           0           1           0           0           0    0.144737    0.131579    0.157895    0.131579    0.144737    0.144737    0.144737   0.0241999 -0.00136868   0.0141292   0.0100708          76  l
          0           0           0           1           0           0           0           0           0           0           1           0           0           0           0           0           0           1           0           0           0    0.144737    0.131579    0.157895    0.131579    0.144737    0.144737    0.144737   0.0241999 -0.00454501    0.017498   0.0067019          76  l
          0           0           0           1           0           0           0           0           0           0           1           0           0           0           0           0           0           1           0           0           0    0.144737    0.131579    0.157895    0.131579    0.144737    0.144737    0.144737   0.0241999 -0.00588266   0.0189786  0.00522137          76  l
           0            0            0            1            0            0            0            0            0            0            1            0            0            0            0            0            0            1            0            0            0     0.144737     0.131579     0.157895     0.131579     0.144737     0.144737     0.144737     0.023824 -0.000553675    0.0135136    0.0103104           76  l
          0           0           0           1           0           0           0           0           0           0           1           0           0           0           0           0           0           1           0           0           0    0.144737    0.131579    0.157895    0.131579    0.144737    0.144737    0.144737    0.023824 -0.00184157   0.0149667  0.00885731          76  l
         0          0          0   0.892308          0          0   0.107692          0          0          0   0.892308  0.0153846  0.0615385  0.0307692          0          0          0   0.923077  0.0769231          0          0   0.138462   0.153846   0.123077   0.153846   0.138462   0.138462   0.153846  0.0122169 0.00051977  0.0034259 0.00879097         65  l
         0          0          0   0.907692          0          0  0.0923077          0          0          0   0.907692          0  0.0615385  0.0307692          0          0          0   0.938462  0.0615385          0          0   0.138462   0.153846   0.123077   0.153846   0.138462   0.138462   0.153846  0.0137395 0.00190722 0.00224349  0.0114961         65  l
         0          0          0   0.923077          0          0  0.0769231          0          0          0   0.923077          0  0.0461538  0.0307692          0          0          0   0.953846  0.0461538          0          0   0.138462   0.153846   0.123077   0.153846   0.138462   0.138462   0.153846  0.0144425 0.00129772 0.00304842  0.0113941         65  l
           0            0            0     0.938462            0            0    0.0615385            0            0            0     0.938462            0    0.0307692    0.0307692            0            0            0     0.969231    0.0307692            0            0     0.138462     0.153846     0.123077     0.153846     0.138462     0.138462     0.153846    0.0144425 -0.000132316    0.0046391   0.00980344           65  l
          0           0           0    0.953846           0           0   0.0461538           0           0           0    0.953846           0   0.0153846   0.0307692           0           0           0    0.984615   0.0153846           0           0    0.138462    0.153846    0.123077    0.153846    0.138462    0.138462    0.153846   0.0136446 -0.00116171  0.00501463  0.00862993          65  l
         0          0          0   0.969231          0          0  0.0307692          0          0          0   0.969231          0          0  0.0307692          0          0          0          1          0          0          0   0.138462   0.153846   0.123077   0.153846   0.138462   0.138462   0.153846  0.0136446 0.00107789 0.00296578  0.0106788         65  l
          0           0           0           1           0           0           0           0           0           0           1           0           0           0           0           0           0           1           0           0           0    0.140625     0.15625    0.140625    0.140625    0.140625    0.140625    0.140625   0.0146854  0.00415504 9.62168e-05   0.0145892          64  l
         0          0          0          1          0          0          0          0          0          0          1          0          0          0          0          0          0          1          0          0          0   0.138462   0.153846   0.123077   0.153846   0.138462   0.138462   0.153846  0.0146854 0.00156874  0.0028279  0.0118575         65  l
           0            0            0            1            0            0            0            0            0            0            1            0            0            0            0            0            0            1            0            0            0     0.138462     0.153846     0.123077     0.153846     0.138462     0.138462     0.153846    0.0151304 -0.000966987   0.00554423   0.00958614           65  l
           0            0            0            1            0            0            0            0            0            0            1            0            0            0            0            0            0            1            0            0            0     0.138462     0.153846     0.123077     0.153846     0.138462     0.138462     0.153846    0.0151304 -0.000255043   0.00503404    0.0100963           65  l
         0          0          0          1          0          0          0          0          0          0          1          0          0          0          0          0          0          1          0          0          0   0.138462   0.153846   0.123077   0.153846   0.153846   0.123077   0.153846  0.0162965 0.00048283 0.00449473  0.0118018         65  l
          0           0           0           1           0           0           0           0           0           0           1           0           0           0           0           0           0           1           0           0           0    0.138462    0.153846    0.138462    0.138462    0.138462    0.138462    0.153846   0.0162965  0.00444354 0.000740945   0.0155556          65  l
         0          0          0          1          0          0          0          0          0          0          1          0          0          0          0          0          0          1          0          0          0   0.138462   0.153846   0.123077   0.153846   0.138462   0.138462   0.153846  0.0190036 0.00283151 0.00258136  0.0164223         65  l
         0          0          0          1          0          0          0          0          0          0          1          0          0          0          0          0          0          1          0          0          0   0.138462   0.153846   0.123077   0.153846   0.138462   0.138462   0.153846  0.0211347 0.00450055 0.00120462  0.0199301         65  l
         0          0          0          1          0          0          0          0          0          0          1          0          0          0          0          0          0          1          0          0          0   0.138462   0.153846   0.123077   0.153846   0.153846   0.123077   0.153846  0.0211347 0.00209507 0.00381897  0.0173157         65  l
         0          0          0          1          0          0          0          0          0          0          1          0          0          0          0          0          0          1          0          0          0   0.138462   0.153846   0.123077   0.153846   0.138462   0.138462   0.153846  0.0211347 0.00612606          0  0.0211347         65  l
         0          0          0          1          0          0          0          0          0          0          1          0          0          0          0          0          0          1          0          0          0   0.138462   0.153846   0.123077   0.153846   0.153846   0.123077   0.153846  0.0211347 0.00291795 0.00339819  0.0177365         65  l
         0          0          0          1          0          0          0          0          0          0          1          0          0          0          0          0          0          1          0          0          0   0.138462   0.153846   0.123077   0.153846   0.153846   0.123077   0.153846  0.0211347 0.00298002 0.00356571   0.017569         65  l
         0          0          0          1          0          0          0          0          0          0          1          0          0          0          0          0          0          1          0          0          0   0.138462   0.153846   0.123077   0.153846   0.153846   0.123077   0.153846  0.0211347 0.00305397 0.00371757  0.0174171         65  l
         0          0          0          1          0          0          0          0          0          0          1          0          0          0          0          0          0          1          0          0          0   0.138462   0.153846   0.123077   0.153846   0.153846   0.123077   0.153846  0.0211347 0.00396242 0.00304969   0.018085         65  l
         0          0          0          1          0          0          0          0          0          0          1          0          0          0          0          0          0          1          0          0          0   0.138462   0.153846   0.138462   0.138462   0.153846   0.123077   0.153846  0.0211347  0.0040611 0.00316961  0.0179651         65  l
          0           0           0           1           0           0           0           0           0           0           1           0           0           0           0           0           0           1           0           0           0    0.140625     0.15625       0.125     0.15625    0.140625    0.140625    0.140625   0.0211347  0.00720584 5.68479e-05   0.0210779          64  l
         0          0          0          1          0          0          0          0          0          0          1          0          0          0          0          0          0          1          0          0          0   0.138462   0.153846   0.123077   0.153846   0.138462   0.138462   0.153846  0.0223623 0.00514934  0.0025575  0.0198048         65  l
         0          0          0          1          0          0          0          0          0          0          1          0          0          0          0          0          0          1          0          0          0   0.140625    0.15625      0.125    0.15625    0.15625      0.125   0.140625  0.0223623 0.00430674 0.00343356  0.0189288         64  l
         0          0          0          1          0          0          0          0          0          0          1          0          0          0          0          0          0          1          0          0          0   0.140625    0.15625      0.125    0.15625   0.140625   0.140625   0.140625  0.0223623 0.00537122 0.00268424  0.0196781         64  l
          0           0           0           1           0           0           0           0           0           0           1           0           0           0           0           0           0           1           0           0           0    0.140625    0.140625     0.15625    0.140625    0.140625    0.140625    0.140625   0.0223623  0.00800495 0.000312254   0.0220501          64  l
          0           0           0           1           0           0           0           0           0           0           1           0           0           0           0           0           0           1           0           0           0    0.140625    0.140625    0.140625     0.15625    0.140625    0.140625    0.140625   0.0223623  0.00826927 0.000337556   0.0220248          64  l
         0          0          0          1          0          0          0          0          0          0          1          0          0          0          0          0          0          1          0          0          0   0.140625    0.15625      0.125   0.140625    0.15625   0.140625   0.140625  0.0241133 0.00698123 0.00195552  0.0221578         64  l
         0          0          0          1          0          0          0          0          0          0          1          0          0          0          0          0          0          1          0          0          0   0.140625   0.140625   0.140625    0.15625   0.140625   0.140625   0.140625  0.0241133 0.00813035 0.00114541  0.0229679         64  l
         0          0          0          1          0          0          0          0          0          0          1          0          0          0          0          0          0          1          0          0          0   0.140625    0.15625      0.125    0.15625   0.140625   0.140625   0.140625  0.0241133 0.00365098 0.00594828   0.018165         64  l
          0           0           0           1           0           0           0           0           0           0           1           0           0           0           0           0           0           1           0           0           0    0.140625     0.15625       0.125     0.15625    0.140625    0.140625    0.140625   0.0241133 0.000784093  0.00912903   0.0149843          64  l
         0          0          0          1          0          0          0          0          0          0          1          0          0          0          0          0          0          1          0          0          0   0.140625    0.15625      0.125    0.15625   0.140625   0.140625   0.140625  0.0241133 0.00117959 0.00907598  0.0150373         64  l
           0            0            0            1            0            0            0            0            0            0            1            0            0            0            0            0            0            1            0            0            0     0.140625      0.15625        0.125      0.15625     0.140625     0.140625     0.140625    0.0270824 -0.000799412    0.0114189    0.0156635           64  l
          0           0           0           1           0           0           0           0           0           0           1           0           0           0           0           0           0           1           0           0           0    0.140625     0.15625       0.125     0.15625    0.140625    0.140625    0.140625   0.0272666 -0.00193711   0.0129416    0.014325          64  l
          0           0           0           1           0           0           0           0           0           0           1           0           0           0           0           0           0           1           0           0           0    0.140625    0.140625    0.140625     0.15625    0.140625    0.140625    0.140625   0.0272666 -0.00228348   0.0136446    0.013622          64  l
          0           0           0           1           0           0           0           0           0           0           1           0           0           0           0           0           0           1           0           0           0    0.140625    0.140625    0.140625     0.15625    0.140625    0.140625    0.140625   0.0272666 0.000586605   0.0111151   0.0161514          64  l
         0          0          0          1          0          0          0          0          0          0          1          0          0          0          0          0          0          1          0          0          0   0.140625   0.140625   0.140625    0.15625   0.140625   0.140625   0.140625  0.0272666 0.00341908  0.0085699  0.0186967         64  l
           0            0            0            1            0            0            0            0            0            0            1            0            0            0            0            0            0            1            0            0            0     0.140625     0.140625     0.140625      0.15625     0.140625     0.140625     0.140625    0.0272666 -0.000186214    0.0124402    0.0148264           64  l
          0           0           0           1           0           0           0           0           0           0           1           0           0           0           0           0           0           1           0           0           0    0.140625     0.15625       0.125     0.15625       0.125     0.15625    0.140625   0.0272666 -0.00212622   0.0146854   0.0125812          64  l
           0            0            0            1            0            0            0            0            0            0            1            0            0            0            0            0            0            1            0            0            0     0.140625      0.15625        0.125      0.15625     0.140625     0.140625     0.140625    0.0272666 -0.000752006     0.013701    0.0135656           64  l
         0          0          0          1          0          0          0          0          0          0          1          0          0          0          0          0          0          1          0          0          0   0.140625    0.15625      0.125    0.15625   0.140625   0.140625   0.140625  0.0272666 -0.0018074  0.0151304  0.0121362         64  l
           0            0            0            1            0            0            0            0            0            0            1            0            0            0            0            0            0            1            0            0            0     0.140625      0.15625        0.125      0.15625     0.140625     0.140625     0.140625    0.0272666 -0.000470935    0.0141143    0.0131523           64  l
          0           0           0           1           0           0           0           0           0           0           1           0           0           0           0           0           0           1           0           0           0    0.140625     0.15625       0.125     0.15625    0.140625    0.140625    0.140625   0.0272666 -0.00231135   0.0162965   0.0109701          64  l
       0.25           0   0.0138889    0.347222           0           0    0.388889    0.611111       0.125   0.0694444   0.0416667           0           0    0.152778           0           0   0.0277778    0.513889    0.291667    0.138889   0.0277778    0.138889    0.111111   0.0833333   0.0694444    0.263889    0.180556    0.152778     0.41127 -0.00994237    0.252397    0.158873          72  l
   0.277778           0   0.0138889    0.347222           0           0    0.361111       0.625   0.0972222   0.0833333   0.0277778           0           0    0.166667           0   0.0138889   0.0694444    0.527778    0.222222    0.138889   0.0277778    0.138889   0.0972222   0.0833333   0.0972222    0.263889    0.166667    0.152778     0.41127 -0.00624866    0.250968    0.160301          72  l
          0           0           0    0.361111           0           0    0.638889           0         0.5   0.0277778    0.180556   0.0972222    0.166667   0.0277778           0   0.0138889   0.0138889       0.125    0.722222   0.0972222   0.0277778       0.125    0.111111   0.0694444       0.125    0.222222    0.180556    0.166667     0.41127 -0.00786779    0.254878    0.156392          72  l
          0           0           0    0.361111           0           0    0.638889           0    0.486111   0.0277778    0.180556   0.0972222    0.194444   0.0138889           0           0   0.0138889    0.236111    0.638889   0.0833333   0.0277778       0.125    0.111111   0.0694444    0.180556    0.194444    0.166667    0.152778     0.41127 -0.00148276    0.250745    0.160525          72  l
        0         0         0  0.366197         0         0  0.633803         0  0.464789 0.0422535  0.169014 0.0985916  0.169014  0.056338         0         0 0.0422535 0.0704225  0.788732 0.0704225  0.028169  0.112676 0.0985916 0.0704225  0.239437  0.140845  0.183099   0.15493   0.41127 -0.003847  0.255504  0.155765        71  l
          0           0           0    0.366197   0.0140845           0    0.619718   0.0140845    0.394366   0.0704225    0.169014    0.126761    0.197183    0.028169           0           0   0.0704225    0.056338    0.774648   0.0704225    0.028169   0.0985916    0.112676    0.056338    0.253521     0.15493    0.169014     0.15493     0.41127 -0.00102605    0.254903    0.156367          71  l
  0.107143          0          0   0.866071          0 0.00892857  0.0178571          0 0.00892857   0.133929   0.830357 0.00892857          0  0.0178571          0          0   0.285714   0.491071   0.214286 0.00892857          0  0.0982143  0.0892857  0.0714286  0.0535714     0.0625   0.116071   0.508929   0.263309 0.00629595   0.121996   0.141314        112  l
 0.0990991          0          0   0.864865          0 0.00900901   0.027027          0 0.00900901   0.135135   0.801802 0.00900901 0.00900901   0.036036          0          0   0.297297   0.477477   0.216216 0.00900901          0  0.0990991  0.0900901  0.0630631  0.0540541  0.0540541   0.135135   0.504505   0.293168   0.011192   0.123639   0.169529        111  l
       0.1          0          0   0.863636          0 0.00909091  0.0272727          0 0.00909091   0.136364        0.8 0.00909091 0.00909091  0.0363636          0          0   0.309091   0.472727   0.209091 0.00909091          0        0.1  0.0909091  0.0545455  0.0545455  0.0636364   0.136364        0.5   0.293168  0.0131733   0.123237    0.16993        110  l
 0.0982143          0          0   0.848214          0 0.00892857  0.0446429          0 0.00892857   0.160714   0.758929 0.00892857  0.0267857  0.0357143          0          0   0.321429   0.455357   0.196429  0.0267857          0  0.0982143  0.0803571  0.0446429  0.0535714  0.0803571   0.133929   0.508929   0.293168  0.0132616   0.126873   0.166295        112  l
 0.0982143          0          0   0.848214          0 0.00892857  0.0446429          0 0.00892857   0.169643   0.741071 0.00892857  0.0357143  0.0357143          0          0   0.339286   0.446429     0.1875  0.0267857          0  0.0892857  0.0803571  0.0535714  0.0446429  0.0892857   0.142857        0.5   0.293168  0.0174567   0.125502   0.167666        112  l
 0.0884956          0          0   0.849558          0 0.00884956  0.0530973          0 0.00884956   0.176991   0.716814 0.00884956  0.0530973  0.0353982          0  0.0176991   0.336283   0.433628   0.185841  0.0265487          0  0.0884956  0.0707965  0.0530973  0.0442478  0.0973451   0.150442   0.495575   0.293168  0.0219475   0.125058    0.16811        113  l
  0.745614          0  0.0263158   0.122807          0          0   0.105263          0  0.0877193   0.508772   0.236842  0.0526316   0.105263 0.00877193          0  0.0350877   0.394737   0.438596   0.105263  0.0263158          0  0.0877193  0.0614035  0.0526316  0.0438596   0.105263   0.166667   0.482456   0.293168  0.0243319   0.125106   0.168062        114  l
0.0534759         0         0  0.631016         0         0  0.315508         0 0.0320856  0.144385  0.593583  0.229947         0         0         0 0.0160428  0.176471  0.390374  0.417112         0         0 0.0695187 0.0641711 0.0481283 0.0427807  0.171123  0.208556  0.395722  0.387156 0.0113852  0.234529  0.152626       187  l
0.0695187         0         0  0.641711         0         0   0.28877         0 0.0374332  0.139037   0.59893  0.224599         0         0         0 0.0160428  0.176471  0.390374  0.417112         0         0 0.0695187 0.0588235 0.0481283 0.0427807   0.15508  0.235294  0.390374  0.387156 0.0108474  0.235989  0.151167       187  l
 0.0899471          0          0   0.656085          0          0   0.253968          0   0.042328   0.142857   0.608466   0.206349          0          0          0   0.021164   0.174603   0.375661   0.428571          0          0  0.0634921  0.0634921   0.042328   0.037037   0.137566   0.291005   0.365079   0.387156 0.00891712    0.24083   0.146325        189  l
0.0591398         0         0   0.66129         0         0   0.27957         0 0.0483871  0.139785  0.602151  0.209677         0         0         0 0.0215054  0.166667   0.38172  0.430108         0         0 0.0698925 0.0537634 0.0483871 0.0376344  0.177419  0.236559  0.376344  0.387156  0.013555  0.237163  0.149992       186  l
0.0543478         0         0  0.673913         0         0  0.271739         0 0.0543478  0.146739  0.603261  0.195652         0         0         0 0.0217391  0.168478  0.380435  0.429348         0         0 0.0706522 0.0543478 0.0434783 0.0380435  0.179348  0.255435  0.358696  0.387156  0.015085  0.237447  0.149708       184  l
0.0382514         0         0   0.68306         0         0  0.278689         0 0.0601093  0.142077  0.606557  0.191257         0         0         0 0.0218579  0.163934  0.377049  0.437158         0         0 0.0710383 0.0491803 0.0437158 0.0382514  0.191257  0.262295  0.344262  0.387156 0.0170287  0.237154  0.150002       183  l
0.0543478         0         0  0.695652         0         0      0.25         0 0.0652174  0.141304   0.61413  0.179348         0         0         0 0.0217391  0.163043   0.36413  0.451087         0         0 0.0652174  0.048913 0.0434783 0.0326087  0.184783  0.288043  0.336957  0.387156 0.0155375  0.238541  0.148615       184  l
     0.256      0.008      0.016      0.328          0          0      0.392      0.012      0.036       0.18      0.752       0.02          0          0          0          0      0.036      0.608      0.316      0.024      0.016       0.06      0.052      0.044      0.036      0.292      0.276       0.24   0.368277 -0.0078878   0.237432   0.130845        250  l
   0.119048   0.0119048   0.0198413    0.325397           0           0     0.52381    0.015873   0.0396825    0.178571    0.738095   0.0277778           0           0           0           0   0.0396825    0.595238     0.31746   0.0238095   0.0238095   0.0595238   0.0515873   0.0436508    0.047619    0.277778    0.281746    0.238095    0.368277 -0.00519115    0.235435    0.132842         252  l
   0.119522   0.0159363   0.0278884    0.318725           0           0    0.517928   0.0199203   0.0478088    0.179283    0.733068   0.0199203           0           0           0           0   0.0438247    0.585657    0.310757   0.0318725   0.0278884    0.059761   0.0517928   0.0398406   0.0438247    0.294821    0.286853    0.223108    0.368277 -0.00459366    0.235927    0.132351         251  l
   0.139442   0.0159363   0.0318725    0.314741           0           0    0.498008   0.0199203   0.0517928    0.179283    0.729084   0.0199203           0           0           0           0   0.0478088    0.585657    0.306773   0.0318725   0.0278884    0.059761   0.0517928   0.0358566   0.0398406    0.302789    0.286853    0.223108    0.368277 -0.00491981    0.236406    0.131871         251  l
  0.258964  0.0159363  0.0358566   0.314741          0          0   0.374502  0.0199203   0.059761   0.175299   0.713147  0.0318725          0          0          0          0  0.0517928   0.581673   0.302789  0.0358566  0.0278884  0.0517928   0.059761  0.0318725  0.0318725   0.322709   0.278884   0.223108   0.368277 -0.0072376   0.238812   0.129466        251  l
      0.188       0.016        0.04        0.32           0           0       0.436        0.02       0.064       0.176       0.704       0.036           0           0           0           0       0.052       0.572       0.308       0.036       0.032       0.056       0.052       0.032       0.028       0.332        0.28        0.22    0.368277 -0.00628679    0.238021    0.130257         250  l
  0.0722892   0.0160643   0.0401606    0.321285           0           0    0.550201   0.0200803    0.064257    0.180723    0.722892   0.0120482           0           0           0           0   0.0562249    0.566265    0.305221   0.0401606   0.0321285   0.0562249   0.0481928   0.0321285   0.0481928    0.305221    0.297189    0.212851    0.368277 -0.00399943    0.235285    0.132992         249  l
   0.120968           0   0.0241935    0.584677   0.0201613           0        0.25           0           0   0.0766129    0.657258    0.173387   0.0685484   0.0241935           0           0   0.0524194    0.560484    0.310484   0.0443548   0.0322581   0.0564516   0.0443548   0.0322581   0.0564516    0.306452    0.294355    0.209677    0.368277 -0.00304627    0.234475    0.133802         248  l
   0.109312           0   0.0202429    0.587045   0.0202429           0    0.263158           0           0   0.0809717     0.65587     0.17004   0.0688259   0.0242915           0           0   0.0526316    0.562753    0.307692   0.0445344   0.0323887   0.0566802   0.0404858   0.0323887   0.0404858    0.348178    0.271255    0.210526    0.368277 -0.00480373    0.236209    0.132068         247  l
