       0         0   0.17284  0.617284  0.037037 0.0740741 0.0987654  0.283951 0.0987654 0.0246914 0.0864198  0.037037 0.0740741  0.395062         0         0  0.123457  0.246914  0.283951  0.345679         0  0.037037  0.037037 0.0740741 0.0617284   0.17284  0.358025  0.259259  0.417741 0.0278741   0.30076  0.116981        81  w
         0          0   0.162162   0.689189          0          0   0.148649          0    0.27027   0.121622   0.108108   0.027027   0.162162   0.310811          0  0.0135135   0.162162   0.189189   0.405405    0.22973          0  0.0405405   0.027027  0.0945946   0.135135   0.135135   0.175676   0.391892   0.417927 0.00168798   0.322895  0.0950322         74  w
         0          0   0.181818   0.563636          0          0   0.254545          0   0.109091   0.381818   0.218182  0.0363636   0.254545          0          0  0.0181818  0.0545455   0.163636   0.418182   0.345455          0  0.0545455  0.0363636   0.236364   0.163636   0.163636        0.2   0.145455    0.41927 -0.0319017   0.344255  0.0750146         55  w
         0          0   0.181818   0.527273          0          0   0.290909  0.0727273  0.0909091  0.0545455        0.4   0.345455  0.0181818  0.0181818          0          0  0.0363636   0.145455   0.618182   0.145455  0.0545455  0.0545455   0.127273   0.218182   0.145455   0.145455   0.145455   0.163636   0.390005 -0.0382821   0.337153  0.0528518         55  w
         0          0   0.107143   0.589286          0          0   0.303571   0.107143  0.0714286  0.0714286   0.285714   0.410714  0.0357143  0.0178571          0          0  0.0357143  0.0535714       0.75      0.125  0.0357143   0.107143   0.107143   0.196429   0.142857      0.125   0.142857   0.178571   0.390005 -0.0580487   0.358539  0.0314658         56  w
         0          0   0.107143   0.571429          0          0   0.321429   0.107143  0.0714286  0.0535714   0.285714   0.428571  0.0357143  0.0178571          0          0  0.0178571  0.0535714   0.767857      0.125  0.0357143   0.107143   0.107143   0.196429   0.142857      0.125   0.142857   0.178571   0.391508 -0.0544693   0.358539  0.0329691         56  w
0.0131579         0 0.0263158  0.776316         0         0  0.184211         0 0.0263158  0.144737  0.381579  0.263158  0.184211         0         0         0  0.171053  0.223684  0.434211  0.171053         0 0.0394737 0.0526316 0.0789474  0.302632  0.157895  0.157895  0.210526  0.403449   0.06806  0.240042  0.163407        76  w
        0         0 0.0506329   0.78481         0  0.164557         0         0  0.202532   0.21519 0.0886076  0.189873  0.227848 0.0759494         0         0  0.101266  0.278481  0.392405  0.227848         0 0.0379747 0.0506329 0.0632911   0.21519  0.202532  0.177215  0.253165  0.411045 0.0564752  0.259686  0.151359        79  w
        0         0  0.197531  0.617284  0.037037  0.123457 0.0246914  0.358025 0.0617284 0.0246914 0.0864198 0.0246914 0.0864198  0.358025         0         0  0.123457  0.271605  0.283951  0.234568 0.0864198  0.037037  0.037037 0.0740741 0.0617284  0.259259  0.283951  0.246914  0.414544 0.0423078  0.282578  0.131966        81  w
         0          0   0.110169   0.686441          0          0    0.20339          0          0   0.372881   0.271186   0.169492   0.169492  0.0169492          0 0.00847458   0.135593   0.211864   0.423729   0.220339          0  0.0254237   0.059322   0.059322   0.245763   0.211864    0.20339   0.194915   0.399522  0.0369638   0.270493   0.129028        118  w
        0         0  0.117647  0.663866         0         0  0.218487         0 0.0252101  0.352941  0.201681  0.159664  0.235294 0.0252101         0         0  0.109244  0.226891  0.352941  0.310924         0 0.0252101 0.0672269 0.0504202  0.218487  0.243697  0.201681  0.193277  0.400924 0.0212012   0.28786  0.113064       119  w
         0          0   0.110169   0.661017          0          0   0.228814          0 0.00847458   0.347458   0.194915   0.186441   0.245763  0.0169492          0          0   0.101695   0.194915   0.381356   0.322034          0  0.0254237   0.059322  0.0932203   0.118644   0.305085   0.194915    0.20339   0.402331 0.00825992   0.305237  0.0970939        118  w
         0          0  0.0775862   0.698276          0          0   0.224138          0 0.00862069   0.241379    0.37069   0.267241   0.103448 0.00862069          0 0.00862069   0.172414   0.172414   0.482759   0.146552  0.0172414  0.0258621  0.0517241   0.137931  0.0948276    0.12931   0.344828   0.215517   0.402331 -0.0137734   0.326301  0.0760294        116  w
         0          0  0.0707965   0.716814          0          0   0.212389          0 0.00884956    0.19469   0.353982   0.221239   0.212389 0.00884956          0 0.00884956   0.141593   0.168142   0.460177   0.212389 0.00884956  0.0265487  0.0973451   0.115044  0.0973451   0.106195   0.309735   0.247788   0.403449 -0.0275998   0.340023   0.063426        113  w
         0          0  0.0642202   0.733945          0          0   0.201835          0  0.0183486   0.155963   0.366972   0.211009   0.220183  0.0275229          0  0.0183486  0.0642202   0.137615   0.477064   0.293578 0.00917431  0.0550459  0.0825688    0.12844  0.0917431   0.119266   0.119266    0.40367   0.403694 -0.0466606   0.359271  0.0444231        109  w
         0          0  0.0642202   0.733945          0          0   0.201835          0  0.0183486   0.146789   0.357798   0.211009   0.229358  0.0366972          0  0.0183486  0.0642202    0.12844   0.477064   0.302752 0.00917431  0.0550459  0.0825688    0.12844  0.0917431   0.119266   0.119266    0.40367   0.403694 -0.0488857   0.359271  0.0444231        109  w
         0          0   0.170455       0.75          0          0  0.0795455          0 0.00568182   0.147727   0.318182     0.4375  0.0909091          0          0          0  0.0568182   0.295455   0.505682   0.130682  0.0113636  0.0227273  0.0568182   0.159091   0.181818   0.170455   0.142045   0.267045   0.385072   0.019823   0.280471   0.104601        176  w
         0          0   0.164474   0.730263          0          0   0.105263          0          0   0.131579   0.388158   0.355263      0.125          0          0          0 0.00657895   0.217105   0.546053   0.230263          0  0.0263158  0.0855263   0.105263   0.263158   0.190789   0.171053   0.157895   0.385072 -0.0113999   0.305708  0.0793632        152  w
         0          0   0.156863    0.72549          0          0   0.117647          0          0   0.137255   0.372549   0.352941   0.137255          0          0 0.00653595  0.0326797   0.176471   0.444444   0.333333 0.00653595  0.0261438   0.104575  0.0915033   0.156863   0.267974   0.169935   0.183007   0.385072 -0.0275283   0.323315  0.0617563        153  w
         0          0   0.152318   0.721854          0          0   0.125828          0          0   0.125828   0.370861   0.357616   0.145695          0          0 0.00662252  0.0331126   0.178808   0.437086   0.337748 0.00662252  0.0264901    0.10596  0.0927152    0.15894   0.271523   0.172185   0.172185   0.387907 -0.0251384   0.323315  0.0645914        151  w
         0          0    0.13245   0.735099          0          0    0.13245          0   0.013245  0.0993377   0.377483   0.430464  0.0794702          0          0          0  0.0264901   0.139073   0.470199   0.350993   0.013245  0.0463576  0.0993377  0.0860927   0.119205   0.264901   0.192053   0.192053   0.387907 -0.0409286   0.339885  0.0480219        151  w
         0          0   0.211155   0.788845          0          0          0          0 0.00398406    0.23506   0.398406   0.358566 0.00398406          0          0          0  0.0358566   0.258964   0.565737   0.131474 0.00796813  0.0199203  0.0438247   0.199203   0.131474   0.135458   0.250996   0.219124   0.405951  0.0105745   0.307866  0.0980845        251  w
         0          0   0.205645   0.794355          0          0          0          0 0.00403226   0.237903   0.403226   0.354839          0          0          0          0   0.016129   0.278226   0.548387   0.137097  0.0201613  0.0201613  0.0645161   0.181452   0.137097   0.129032   0.193548   0.274194   0.405951 -0.0024435   0.321607  0.0843435        248  w
         0          0    0.19917    0.80083          0          0          0          0  0.0124481   0.240664    0.39834   0.348548          0          0          0          0  0.0165975   0.290456   0.510373   0.157676  0.0248963  0.0207469  0.0788382   0.145228   0.157676   0.141079   0.124481    0.33195   0.405951 -0.0124023   0.335356  0.0705947        241  w
         0          0   0.223301   0.771845          0          0 0.00485437          0          0   0.169903   0.558252    0.26699 0.00485437          0          0  0.0145631  0.0679612   0.131068   0.703883  0.0728155 0.00970874  0.0242718    0.11165   0.101942  0.0873786    0.18932   0.242718   0.242718   0.379135   0.084692    0.20893   0.170206        206  w
         0          0   0.154229   0.830846          0          0  0.0149254          0 0.00995025   0.134328   0.447761   0.393035  0.0149254          0          0  0.0248756   0.124378   0.258706   0.537313  0.0497512 0.00497512  0.0199005   0.109453   0.114428  0.0945274   0.144279   0.288557   0.228856   0.379877  0.0656906   0.230956   0.148921        201  w
         0          0   0.155779   0.809045          0          0  0.0351759          0  0.0100503   0.125628   0.442211   0.386935  0.0351759          0          0  0.0251256   0.125628   0.241206   0.552764  0.0502513 0.00502513  0.0201005   0.110553   0.115578  0.0954774   0.145729   0.291457   0.221106   0.381968  0.0695087   0.230956   0.151012        199  w
        0         0  0.172589   0.77665         0         0 0.0507614         0 0.0101523  0.121827  0.324873  0.426396  0.116751         0         0         0  0.147208  0.274112  0.517766 0.0609137         0 0.0152284  0.101523  0.116751  0.121827  0.152284  0.233503  0.258883  0.383851 0.0544452  0.246941   0.13691       197  w
         0          0   0.178947   0.757895          0          0  0.0631579          0 0.00526316   0.142105   0.305263   0.431579   0.115789          0          0          0  0.0789474   0.284211   0.510526   0.121053 0.00526316  0.0210526  0.0578947   0.157895   0.163158   0.136842   0.136842   0.326316   0.383851   0.037662   0.263982   0.119869        190  w
         0          0   0.276486   0.715762          0          0 0.00775194          0 0.00516796   0.217054   0.447028   0.284238  0.0465116          0          0          0  0.0335917   0.289406   0.503876   0.173127          0  0.0155039   0.105943  0.0930233   0.191214   0.157623   0.219638   0.217054   0.425493  0.0492196    0.28336   0.142133        387  w
         0          0   0.228571   0.763636          0          0 0.00779221          0 0.00519481   0.238961   0.451948   0.272727  0.0311688          0          0          0  0.0233766   0.285714   0.527273   0.163636          0  0.0181818  0.0909091   0.122078   0.135065   0.179221   0.153247   0.301299   0.425603  0.0271373   0.307025   0.118578        385  w
         0          0   0.234829   0.757256          0          0 0.00791557          0 0.00527705   0.245383   0.453826   0.277045  0.0184697          0          0          0  0.0237467   0.292876    0.51715   0.166227          0  0.0184697  0.0923483   0.124011   0.137203   0.182058   0.155673   0.290237   0.425603   0.029412   0.307025   0.118578        379  w
         0          0    0.19407   0.800539          0          0 0.00539084          0  0.0215633    0.25876   0.382749   0.334232 0.00269542          0          0          0  0.0215633   0.358491    0.48248   0.118598  0.0188679  0.0134771  0.0862534   0.142857   0.102426   0.191375   0.175202    0.28841   0.427134 0.00322592   0.333316   0.093818        371  w
          0           0    0.189802    0.810198           0           0           0           0   0.0226629    0.274788    0.368272    0.328612  0.00566572           0           0           0   0.0113314    0.345609    0.473088    0.152975   0.0169972   0.0169972   0.0623229    0.172805    0.116147     0.17847      0.1983    0.254957    0.429497 -0.00917052    0.343226   0.0862713         353  w
         0          0   0.182635   0.817365          0          0          0          0  0.0239521   0.299401   0.356287   0.314371 0.00598802          0          0          0  0.0179641   0.290419   0.482036   0.191617  0.0179641  0.0179641  0.0748503   0.161677   0.122754   0.116766   0.281437   0.224551   0.429497 -0.0226093   0.357041  0.0724565        334  w
         0          0   0.170149   0.829851          0          0          0          0  0.0179104   0.316418   0.340299   0.319403 0.00597015          0          0          0  0.0268657   0.238806   0.486567    0.21791  0.0298507  0.0268657  0.0626866   0.143284   0.137313   0.119403   0.274627   0.235821   0.418677 -0.0345921   0.361345  0.0573321        335  w
         0          0   0.175227   0.824773          0          0          0          0  0.0181269   0.317221    0.34139   0.317221  0.0060423          0          0          0  0.0271903   0.238671   0.480363   0.223565  0.0302115  0.0271903  0.0634441   0.145015   0.138973   0.120846   0.277946   0.226586   0.407534 -0.0315139   0.350202  0.0573321        331  w
0.00506329          0   0.286076   0.706329          0          0 0.00253165          0  0.0455696   0.313924   0.356962   0.283544          0          0          0          0  0.0303797   0.205063   0.635443   0.129114          0  0.0177215  0.0936709    0.15443   0.136709   0.217722   0.197468   0.182278   0.423128  0.0994669   0.226177   0.196951        395  w
0.00505051          0   0.285354   0.707071          0          0 0.00252525          0  0.0429293   0.313131   0.343434   0.300505          0          0          0          0  0.0378788   0.207071   0.626263   0.121212 0.00757576   0.020202  0.0984849   0.143939   0.136364   0.217172   0.204545   0.179293   0.423128  0.0933585    0.23345   0.189678        396  w
0.00253165          0   0.291139   0.701266          0          0 0.00506329          0  0.0329114   0.278481   0.344304   0.316456  0.0278481          0          0 0.00253165  0.0506329    0.18481   0.617721   0.139241 0.00506329  0.0177215  0.0987342   0.139241   0.141772   0.194937   0.217722   0.189873   0.423849  0.0838421   0.244599    0.17925        395  w
0.00253165          0   0.293671   0.698734          0          0 0.00506329          0   0.035443   0.212658   0.407595   0.298734  0.0455696          0          0 0.00253165  0.0481013   0.194937   0.605063   0.141772 0.00759494  0.0177215  0.0987342   0.129114   0.149367   0.151899   0.258228   0.194937   0.424356  0.0736348   0.255714   0.168642        395  w
         0          0   0.271795   0.720513          0          0 0.00769231          0  0.0128205   0.212821   0.438462   0.292308  0.0435897          0          0          0  0.0282051   0.279487   0.538462   0.153846          0  0.0179487        0.1  0.0974359   0.184615   0.164103   0.223077   0.212821   0.424869  0.0559248   0.275421   0.149448        390  w
         0          0   0.271318    0.72093          0          0 0.00775194          0 0.00516796   0.217054   0.447028   0.281654  0.0490956          0          0          0  0.0335917   0.297158   0.498708   0.170543          0  0.0155039   0.105943  0.0930233   0.191214   0.157623   0.219638   0.217054   0.424869  0.0486115    0.28336   0.141509        387  w
         0          0    0.25495   0.737624          0          0 0.00742574          0   0.039604   0.324257   0.435644   0.200495          0          0          0 0.00247525   0.049505   0.242574   0.393564   0.311881          0   0.019802   0.111386    0.14604   0.170792   0.205446   0.175743   0.170792   0.424276 -0.0119016   0.339798  0.0844783        404  w
         0          0   0.263547   0.729064          0          0 0.00738916          0  0.0418719    0.32266   0.376847   0.258621          0          0          0 0.00492611  0.0541872   0.216749    0.35468   0.362069 0.00738916  0.0221675   0.091133   0.150246   0.130542   0.238916   0.194581   0.172414   0.424276  -0.027458   0.356252  0.0680241        406  w
         0          0   0.244444   0.748148          0          0 0.00740741          0  0.0320988   0.348148   0.320988   0.298765          0          0          0          0  0.0271605   0.234568   0.390123   0.338272 0.00987654  0.0271605  0.0641975    0.17284   0.130864   0.244444   0.192593   0.167901   0.424276 -0.0325788   0.363426  0.0608499        405  w
         0          0   0.259947   0.732095          0          0 0.00795756          0   0.066313   0.350133   0.424403   0.159151          0          0          0          0  0.0132626   0.241379   0.559682   0.177719 0.00795756  0.0212202   0.122016   0.212202   0.169761   0.167109   0.148541   0.159151   0.424276  0.0527375     0.2589   0.165376        377  w
         0          0   0.257218   0.734908          0          0 0.00787402          0  0.0682415    0.28084   0.472441   0.178478          0          0          0          0 0.00787402   0.233596   0.580052   0.167979  0.0104987  0.0209974    0.12336     0.2021   0.178478   0.167979   0.141732   0.165354   0.424276  0.0480313   0.265331   0.158945        381  w
         0          0   0.265464   0.726804          0          0 0.00773196          0   0.056701   0.273196   0.476804   0.193299          0          0          0          0  0.0180412   0.239691   0.518041   0.221649 0.00257732  0.0231959   0.118557    0.18299   0.188144   0.164948   0.146907   0.175258   0.424276   0.032893   0.282421   0.141855        388  w
         0          0   0.260204   0.732143          0          0 0.00765306          0  0.0535714   0.288265   0.454082   0.204082          0          0          0          0  0.0204082   0.244898        0.5   0.227041 0.00765306  0.0204082   0.117347   0.155612   0.214286   0.165816    0.15051    0.17602   0.424276  0.0238486   0.293152   0.131124        392  w
         0          0   0.265152   0.727273          0          0 0.00757576          0  0.0454545   0.300505   0.439394   0.214646          0          0          0          0   0.030303   0.257576   0.469697   0.242424          0   0.020202   0.111111   0.151515   0.219697   0.156566   0.171717   0.169192   0.424276   0.019336   0.301054   0.123222        396  w
        0         0    0.2625      0.73         0         0    0.0075         0     0.045    0.3025    0.4425      0.21         0         0         0         0    0.0375    0.2575    0.4575    0.2475         0    0.0175    0.1125    0.1475     0.215    0.1625     0.175      0.17  0.424276 0.0133088  0.309669  0.114607       400  w
         0          0   0.264851   0.727723          0          0 0.00742574          0  0.0470297   0.304455   0.440594   0.207921          0          0          0          0  0.0371287   0.267327   0.440594    0.25495          0   0.019802   0.113861    0.14604   0.207921   0.160891   0.183168   0.168317   0.424276 0.00687984   0.316867   0.107409        404  w
0.00817439          0   0.400545   0.591281          0          0          0          0  0.0653951   0.256131   0.351499   0.326975          0          0          0 0.00817439          0   0.174387   0.234332   0.580381  0.0027248  0.0217984  0.0544959  0.0953678    0.19346   0.223433    0.19346   0.217984   0.419328   0.244912  0.0694832   0.349844        367  w
0.00808625          0   0.393531   0.598383          0          0          0          0  0.0566038   0.280323   0.315364   0.347709          0          0          0 0.00808625 0.00269542   0.172507    0.28841   0.528302          0  0.0188679  0.0566038   0.102426   0.188679   0.207547   0.212938   0.212938   0.420414   0.236181  0.0801138     0.3403        371  w
 0.0080429          0   0.391421   0.600536          0          0          0          0  0.0697051   0.270777   0.300268    0.33244  0.0268097          0          0  0.0080429 0.00268097   0.171582   0.345845   0.469169 0.00268097  0.0187668  0.0616622  0.0965147   0.190349    0.19571   0.225201   0.211796   0.420414   0.230762  0.0878676   0.332546        373  w
 0.0080429          0   0.375335   0.616622          0          0          0          0  0.0670241   0.281501    0.27882   0.345845  0.0268097          0          0 0.00268097  0.0241287   0.168901   0.399464   0.396783  0.0080429  0.0214477  0.0536193   0.112601   0.182306   0.168901   0.252011   0.209115   0.420414   0.224724  0.0950494   0.325364        373  w
         0          0   0.417508   0.582492          0          0          0          0    0.03367   0.242424   0.228956   0.326599    0.16835          0          0          0          0   0.175084   0.292929   0.525253 0.00673401   0.020202   0.043771  0.0841751   0.164983   0.164983   0.276094   0.245791   0.424869   0.262502  0.0506192    0.37425        297  w
        0         0   0.39527   0.60473         0         0         0         0 0.0202703   0.27027  0.199324  0.358108  0.152027         0         0         0         0  0.179054  0.388514  0.415541 0.0168919 0.0202703 0.0540541 0.0675676  0.175676  0.168919  0.246622  0.266892  0.424869  0.246795 0.0697872  0.355082       296  w
        0         0  0.387205  0.612795         0         0         0         0  0.043771  0.272727  0.175084   0.37037  0.138047         0         0         0         0  0.188552  0.387205  0.407407  0.016835  0.020202 0.0538721 0.0740741  0.161616  0.161616   0.20202  0.326599  0.425493  0.239075 0.0819581  0.343535       297  w
         0          0   0.371622   0.628378          0          0          0          0  0.0506757   0.280405   0.182432   0.364865   0.121622          0          0          0 0.00675676   0.182432   0.361486   0.432432  0.0168919  0.0202703  0.0506757  0.0945946   0.135135   0.172297   0.168919   0.358108   0.425603   0.233245  0.0905314   0.335072        296  w
         0          0   0.236413   0.755435          0          0 0.00815217   0.013587  0.0788044   0.350543   0.494565     0.0625          0          0          0          0  0.0108696   0.179348   0.432065   0.353261  0.0244565  0.0298913   0.144022   0.171196   0.190217   0.171196   0.157609    0.13587   0.424276 -0.0486767   0.360114  0.0641626        368  w
         0          0   0.237197   0.754717          0          0 0.00808625  0.0242588  0.0592992   0.342318   0.471698   0.102426          0          0          0          0 0.00539084   0.137466   0.436658   0.371968  0.0485175  0.0377358   0.107817   0.180593   0.212938   0.167116   0.150943   0.142857   0.424276 -0.0624741   0.374812  0.0494637        371  w
         0          0   0.243316   0.748663          0          0 0.00802139  0.0240642  0.0588235    0.34492   0.470588   0.101604          0          0          0          0 0.00534759   0.136364   0.435829   0.374332  0.0481283  0.0374332   0.106952   0.179144    0.21123   0.165775   0.149733   0.149733   0.424276 -0.0616372   0.374812  0.0494637        374  w
         0          0   0.253968   0.738095          0          0 0.00793651  0.0132275  0.0740741   0.357143   0.492063  0.0634921          0          0          0          0   0.010582   0.177249   0.425926   0.362434  0.0238095  0.0291005   0.140212   0.166667   0.185185   0.166667   0.153439    0.15873   0.424276 -0.0460801   0.360114  0.0641626        378  w
          0           0     0.21813    0.773371           0           0  0.00849858           0    0.141643    0.314448    0.475921   0.0679887           0           0           0           0   0.0311615      0.1983    0.475921    0.291785  0.00283286   0.0339943     0.15864    0.181303     0.15864    0.155807    0.155807    0.155807    0.424276 -0.00919078     0.31524    0.109036         353  w
         0          0   0.216292   0.775281          0          0 0.00842697          0   0.129213   0.328652   0.480337  0.0617978          0          0          0          0  0.0196629   0.188202   0.466292   0.314607   0.011236  0.0308989   0.162921   0.182584   0.160112   0.162921   0.171348   0.129213   0.424276 -0.0267874   0.333792   0.090484        356  w
         0          0   0.226519   0.765193          0          0 0.00828729          0   0.127072   0.328729   0.480663  0.0635359          0          0          0          0  0.0248619   0.179558   0.447514   0.325967  0.0220994  0.0276243   0.157459   0.176796   0.171271   0.174033   0.154696   0.138122   0.424276 -0.0360538   0.344616  0.0796597        362  w
         0          0    0.21978   0.771978          0          0 0.00824176  0.0247253  0.0796703   0.354396   0.475275  0.0659341          0          0          0          0  0.0192308   0.184066   0.458791   0.318681  0.0192308  0.0247253   0.159341   0.178571   0.178571   0.164835   0.164835   0.129121   0.424276 -0.0383077   0.348548  0.0757277        364  w
         0          0   0.224189   0.766962          0          0 0.00884956          0   0.129794   0.415929   0.380531  0.0737463          0          0          0          0  0.0117994   0.233038   0.492625   0.262537          0  0.0471976   0.156342   0.176991   0.147493   0.147493   0.156342   0.168142   0.424276  0.0113522   0.288217   0.136059        339  w
          0           0    0.211594     0.77971           0           0  0.00869565           0    0.133333    0.313043    0.478261   0.0753623           0           0           0           0   0.0347826    0.211594    0.492754     0.26087           0   0.0463768    0.147826    0.185507    0.156522    0.153623     0.15942    0.150725    0.424276 -0.00130896    0.302898    0.121378         345  w
          0           0      0.2149    0.776504           0           0  0.00859599           0     0.13467    0.312321     0.47851   0.0744986           0           0           0           0    0.034384    0.212034    0.489971     0.26361           0   0.0458453    0.146132    0.183381    0.154728    0.151862    0.157593    0.160458    0.424276 0.000723036    0.302898    0.121378         349  w
         0          0   0.126246   0.873754          0          0          0          0    0.30897   0.511628   0.179402          0          0          0          0          0   0.136213   0.269103    0.44186   0.152824          0  0.0598007   0.152824   0.172757   0.162791   0.139535   0.169435   0.142857   0.358759 -0.0444093   0.258116   0.100643        301  l
         0          0   0.123778   0.876221          0          0          0          0   0.361564   0.433225   0.205212          0          0          0          0          0   0.117264     0.2443   0.462541   0.175896          0  0.0618892   0.143322   0.175896   0.159609   0.153094   0.159609    0.14658   0.358759 -0.0494072   0.264022   0.094737        307  l
         0          0    0.12945    0.87055          0          0          0          0   0.404531   0.375405   0.220065          0          0          0          0 0.00970874    0.10356   0.197411   0.485437   0.203883          0  0.0517799   0.152104    0.18123   0.152104   0.161812    0.15534   0.145631   0.358759 -0.0575986   0.273055  0.0857044        309  l
        0         0  0.188153  0.811847         0         0         0 0.0139373  0.428571   0.43554  0.121951         0         0         0         0         0 0.0348432  0.439024  0.376307  0.149826         0  0.087108  0.163763  0.135889  0.167247  0.135889  0.160279  0.149826  0.358759 0.0744397  0.133559    0.2252       287  l
        0         0  0.194539  0.805461         0         0         0 0.0136519  0.385666  0.467577  0.133106         0         0         0         0         0 0.0511945  0.423208   0.37884  0.146758         0 0.0853242  0.163823  0.129693  0.177474  0.133106  0.167235  0.143345  0.358759 0.0686951  0.140471  0.218289       293  l
        0         0  0.192053  0.807947         0         0         0         0  0.334437  0.509934  0.155629         0         0         0         0         0 0.0662252  0.407285  0.360927  0.165563         0 0.0794702  0.165563  0.145695   0.15894  0.135762  0.175497  0.139073  0.358759 0.0570424  0.154429   0.20433       302  l
        0         0  0.184466  0.815534         0         0         0         0  0.307443  0.527508  0.165049         0         0         0         0         0 0.0744337  0.398058  0.385113  0.142395         0 0.0679612  0.174757  0.145631  0.158576  0.148867  0.161812  0.142395  0.358759 0.0540988  0.158919   0.19984       309  l
        0         0  0.190476  0.809524         0         0         0         0  0.339683   0.47619  0.184127         0         0         0         0         0 0.0698413  0.393651  0.377778   0.15873         0 0.0730159  0.165079  0.155556  0.155556  0.149206   0.15873  0.142857  0.358759 0.0466396  0.167373  0.191386       315  l
        0         0  0.183801  0.816199         0         0         0         0  0.327103  0.479751  0.193146         0         0         0         0         0 0.0529595  0.383178  0.392523   0.17134         0 0.0685358  0.165109  0.165109  0.143302  0.152648  0.161994  0.143302  0.358759 0.0407086  0.174373  0.184386       321  l
        0         0  0.187117  0.812883         0         0         0         0  0.291411  0.493865  0.214724         0         0         0         0         0 0.0306748  0.349693  0.447853  0.171779         0 0.0644172  0.165644  0.162577  0.144172  0.162577  0.147239  0.153374  0.358759 0.0329435  0.182843  0.175916       326  l
         0          0   0.181269   0.818731          0          0          0          0   0.274924   0.489426   0.232628 0.00302115          0          0          0 0.00906344   0.021148   0.365559   0.432024   0.172205          0   0.060423   0.181269   0.154079   0.138973   0.166163   0.151057   0.148036   0.347129  0.0298998   0.176439    0.17069        331  l
         0          0   0.178042   0.821958          0          0          0          0    0.25816   0.486647   0.249258 0.00593472          0          0          0 0.00296736  0.0267062   0.332344   0.462908   0.175074          0  0.0563798   0.178042   0.154303   0.151335   0.163205   0.139466    0.15727   0.346438  0.0249938   0.182764   0.163673        337  l
        0         0  0.177843  0.822157         0         0         0         0   0.25656  0.451895  0.274052 0.0174927         0         0         0 0.0058309 0.0262391  0.311953  0.483965  0.172012         0 0.0524781  0.180758  0.151604  0.151604  0.157434  0.145773   0.16035  0.346438 0.0215157  0.188316  0.158122       343  l
         0          0   0.164773   0.835227          0          0          0          0   0.238636   0.420455   0.315341  0.0255682          0          0          0 0.00852273  0.0198864   0.292614        0.5   0.176136 0.00284091  0.0482955   0.176136   0.153409   0.159091   0.159091   0.144886   0.159091   0.346438  0.0136833   0.201638     0.1448        352  l
          0           0     0.15978     0.84022           0           0           0           0    0.190083    0.380165     0.38843   0.0413223           0           0           0  0.00550964   0.0220386    0.292011    0.498623    0.173554  0.00826446   0.0358127    0.181818    0.165289    0.151515     0.15427    0.157025     0.15427    0.346438 0.000863512    0.221287    0.125151         363  l
          0           0    0.160326    0.839674           0           0           0           0    0.184783     0.36413    0.410326   0.0407609           0           0           0  0.00271739    0.013587    0.288043    0.505435    0.173913   0.0163043   0.0326087    0.171196    0.182065    0.146739    0.146739    0.163043    0.157609    0.346438 -0.00693604    0.230557    0.115881         368  l
          0           0     0.15903     0.84097           0           0           0           0    0.183288    0.355795    0.420485   0.0404313           0           0           0  0.00269542   0.0107817    0.291105    0.504043    0.183288  0.00808625   0.0350404    0.167116    0.183288    0.142857    0.148248    0.172507    0.150943    0.346438 -0.00845583    0.233117    0.113321         371  l
         0          0   0.163158   0.836842          0          0          0          0   0.178947   0.294737   0.481579  0.0447368          0          0          0          0 0.00263158   0.244737   0.518421   0.202632  0.0315789  0.0315789   0.157895   0.186842   0.152632   0.144737   0.171053   0.155263   0.346438 -0.0288356   0.257965  0.0884729        380  l
         0          0   0.161039   0.838961          0          0          0  0.0155844   0.163636   0.296104   0.475325  0.0493506          0          0          0          0          0   0.244156   0.514286   0.202597   0.038961  0.0311688   0.150649   0.192208   0.148052   0.153247   0.161039   0.163636   0.346438 -0.0355127   0.266528  0.0799098        385  l
        0         0  0.167095  0.832905         0         0         0 0.0642674   0.11054  0.293059  0.475578 0.0565553         0         0         0         0         0  0.244216  0.524422  0.200514 0.0308483 0.0308483  0.156812  0.177378  0.154242  0.164524  0.159383  0.156812  0.346438 -0.041299  0.274001  0.072437       389  l
        0         0   0.23913   0.76087         0         0         0  0.057971  0.460145  0.144928  0.336957         0         0         0         0         0 0.0253623  0.347826  0.431159  0.195652         0 0.0471014  0.155797   0.15942   0.15942  0.163043  0.155797   0.15942  0.358759  0.178979 0.0227735  0.335986       276  l
        0         0  0.237931  0.762069         0         0         0 0.0137931  0.448276  0.389655  0.148276         0         0         0         0         0 0.0310345  0.344828  0.365517  0.258621         0 0.0517241  0.134483  0.168966  0.182759  0.137931  0.168966  0.155172  0.358759  0.167983 0.0381562  0.320603       290  l
        0         0  0.233898  0.766102         0         0         0 0.0135593  0.430508  0.413559  0.142373         0         0         0         0         0  0.061017  0.308475  0.362712  0.267797         0 0.0542373  0.132203  0.169492  0.176271  0.138983  0.179661  0.149153  0.358759  0.166115  0.041244  0.317515       295  l
        0         0  0.236066  0.763934         0         0         0         0  0.367213  0.488525  0.144262         0         0         0         0         0 0.0459016  0.357377   0.35082  0.245902         0 0.0622951   0.12459  0.160656  0.186885  0.134426  0.186885  0.144262  0.358759  0.153337  0.055566  0.303193       305  l
        0         0   0.22884   0.77116         0         0         0         0  0.134796   0.68652  0.178683         0         0         0         0         0 0.0658307  0.360502  0.319749  0.253918         0 0.0564263  0.115987  0.188088  0.166144   0.15674  0.169279  0.147335  0.358759  0.142486 0.0696291   0.28913       319  l
        0         0  0.232416  0.767584         0         0         0         0  0.232416  0.559633  0.207951         0         0         0         0         0 0.0795107   0.35474  0.302752  0.262997         0 0.0550459  0.125382  0.183486  0.155963  0.171254  0.159021  0.149847  0.347129  0.135931 0.0676468  0.279482       327  l
        0         0  0.234234  0.765766         0         0         0         0   0.24024  0.543544  0.216216         0         0         0         0         0 0.0660661  0.342342  0.342342  0.249249         0 0.0540541  0.126126  0.186186  0.144144   0.18018  0.153153  0.156156  0.346438  0.131316 0.0747938  0.271644       333  l
         0          0   0.227811   0.772189          0          0          0          0   0.239645   0.544379   0.215976          0          0          0          0          0  0.0710059   0.349112   0.340237   0.233728 0.00591716  0.0532544   0.127219   0.183432   0.142012   0.183432    0.14497    0.16568   0.346438    0.12961  0.0772833   0.269155        338  l
         0          0   0.227139   0.772861          0          0          0          0   0.256637   0.498525   0.244838          0          0          0          0 0.00294985  0.0766962   0.339233   0.351032    0.20649  0.0235988  0.0471976   0.129794   0.188791   0.147493   0.185841   0.141593   0.159292   0.346438   0.128077  0.0811107   0.265327        339  l
        0         0  0.223837  0.776163         0         0         0         0  0.241279  0.497093  0.261628         0         0         0         0         0 0.0639535  0.328488  0.392442  0.197674 0.0174419 0.0465116  0.130814  0.188953  0.156977  0.168605   0.15407   0.15407  0.346438  0.123576 0.0889648  0.257473       344  l
         0          0   0.228814   0.771186          0          0          0          0   0.240113   0.471751   0.285311 0.00282486          0          0          0          0   0.039548   0.322034   0.420904   0.206215  0.0112994  0.0480226   0.121469   0.186441   0.161017   0.172316   0.146893   0.163842   0.346438   0.115012   0.102008    0.24443        354  l
        0         0  0.214876  0.785124         0         0         0         0  0.231405  0.393939  0.360882 0.0137741         0         0         0         0 0.0413223  0.311295  0.454545  0.162534  0.030303 0.0358127  0.123967  0.192837  0.173554  0.151515  0.162534   0.15978  0.346438  0.110985  0.109682  0.236756       363  l
        0         0  0.208108  0.791892         0         0         0         0  0.175676  0.378378  0.427027 0.0189189         0         0         0         0  0.027027  0.297297  0.491892  0.162162 0.0216216 0.0324324   0.12973  0.197297  0.162162  0.156757   0.17027  0.151351  0.346438  0.100156  0.123375  0.223063       370  l
        0         0  0.197368  0.802632         0         0         0         0  0.178947  0.307895  0.476316 0.0368421         0         0         0         0 0.0315789  0.292105  0.507895      0.15 0.0184211 0.0315789  0.126316  0.205263  0.160526  0.144737  0.173684  0.157895  0.359752 0.0886163  0.152898  0.206854       380  l
        0         0  0.189744  0.810256         0         0         0         0  0.174359  0.302564  0.479487 0.0435897         0         0         0         0  0.025641  0.294872  0.533333  0.128205 0.0179487 0.0282051  0.130769  0.192308  0.164103   0.15641  0.161538  0.166667  0.359752 0.0746464  0.168789  0.190963       390  l
        0         0  0.195431  0.804569         0         0         0         0  0.154822  0.294416       0.5 0.0507614         0         0         0         0 0.0203046  0.286802  0.581218 0.0888325 0.0228426 0.0279188  0.139594  0.177665  0.164975  0.175127  0.152284  0.162437  0.359752 0.0584268  0.189814  0.169938       394  l
        0         0  0.196429  0.803571         0         0         0         0  0.145408  0.267857  0.530612 0.0561224         0         0         0         0 0.0178571  0.288265  0.581633 0.0867347 0.0255102 0.0306122  0.140306  0.173469  0.165816  0.178571  0.163265  0.147959  0.359752  0.049321  0.201167  0.158585       392  l
         0          0    0.20403    0.79597          0          0          0          0   0.138539    0.27204   0.478589   0.110831          0          0          0          0 0.00755668   0.284635    0.59194  0.0906801  0.0251889  0.0277078   0.138539   0.166247   0.176322   0.171285   0.161209    0.15869   0.359752  0.0436494   0.207759   0.151993        397  l
         0          0   0.210396   0.789604          0          0          0  0.0247525  0.0866337   0.284653   0.445545   0.158416          0          0          0          0 0.00495049   0.274752   0.608911  0.0891089  0.0222772  0.0272277   0.138614   0.158416   0.188119   0.165842   0.155941   0.165842   0.359752  0.0364641   0.217539   0.142213        404  l
        0         0  0.204938  0.795062         0         0         0 0.0222222 0.0839506  0.279012  0.459259  0.155556         0         0         0         0         0  0.269136  0.632099 0.0790123 0.0197531 0.0271605  0.140741  0.153086  0.192593  0.162963  0.158025  0.165432  0.359752 0.0340077  0.221404  0.138348       405  l
        0         0  0.206897  0.793103         0         0         0 0.0172414 0.0812808  0.285714  0.445813  0.169951         0         0         0         0         0  0.270936  0.625616 0.0862069 0.0172414 0.0246305  0.137931  0.130542  0.216749  0.165025  0.160099  0.165025  0.359752 0.0291975  0.228006  0.131746       406  l
         0          0   0.216019   0.783981          0          0          0 0.00485437  0.0825243   0.271845   0.458738   0.182039          0          0          0          0          0   0.276699   0.589806   0.123786 0.00970874  0.0291262   0.128641   0.123786   0.213592    0.17233   0.157767   0.174757   0.359752  0.0223844   0.237352     0.1224        412  l
         0          0   0.208232   0.791768          0          0          0 0.00484262  0.0774818   0.234867   0.491525   0.191283          0          0          0          0 0.00726392   0.283293   0.576271   0.121065  0.0121065  0.0242131   0.128329   0.130751   0.205811    0.16707   0.164649   0.179177   0.359752  0.0153041   0.245336   0.114416        413  l
         0          0   0.210145   0.789855          0          0          0          0  0.0724638   0.248792   0.478261   0.200483          0          0          0          0 0.00241546   0.282609   0.570048   0.137681 0.00724638    0.02657   0.123188   0.140097   0.205314   0.166667   0.161836   0.176328   0.359752  0.0120887   0.250523   0.109229        414  l
        0         0  0.203837  0.796163         0         0         0         0 0.0671463  0.251799  0.479616  0.201439         0         0         0         0 0.0191847  0.290168  0.546763  0.127098 0.0167866 0.0263789  0.119904  0.143885   0.18705   0.17506  0.172662   0.17506  0.359752  0.005405  0.258516  0.101236       417  l
          0           0    0.204762    0.795238           0           0           0           0   0.0571429    0.261905    0.466667    0.214286           0           0           0           0   0.0285714    0.302381         0.5    0.147619   0.0214286   0.0238095    0.111905    0.154762     0.17619    0.169048    0.180952    0.183333    0.359752 -0.00338742    0.267889   0.0918627         420  l
        0         0  0.214797  0.785203         0         0         0         0 0.0357995  0.288783  0.455847   0.21957         0         0         0         0 0.0405728   0.27685  0.436754  0.217184 0.0286396 0.0238663  0.112172  0.143198  0.121718  0.221957  0.190931  0.186158  0.359752 -0.020588   0.28735 0.0724019       419  l
         0          0   0.203791   0.796209          0          0          0          0   0.028436   0.296209   0.433649   0.241706          0          0          0          0  0.0189573   0.291469   0.464455   0.203791   0.021327  0.0260663   0.101896   0.156398   0.116114   0.225118   0.196682   0.177725   0.359752 -0.0264337   0.295857  0.0638953        422  l
        0         0  0.186158  0.813842         0         0         0         0 0.0214797  0.300716  0.424821  0.252983         0         0         0         0 0.0190931  0.288783  0.465394  0.193317 0.0334129  0.026253 0.0787589  0.174224  0.121718  0.231504  0.193317  0.174224  0.359752 -0.033961  0.305317 0.0544348       419  l
         0          0   0.190024   0.809976          0          0          0          0  0.0166271   0.308789   0.420428   0.254157          0          0          0          0  0.0142518   0.256532   0.460808   0.232779  0.0356295  0.0261283  0.0783848   0.173397    0.11639   0.223278   0.199525   0.182898   0.359752 -0.0409081   0.313346  0.0464065        421  l
        0         0   0.28169   0.71831         0         0         0         0  0.228169   0.36338  0.408451         0         0         0         0         0 0.0478873  0.233803  0.242254  0.439437 0.0366197 0.0197183 0.0732394  0.135211  0.253521  0.180282  0.169014  0.169014  0.346438  0.209647 0.0117689  0.334669       355  l
        0         0  0.278237  0.721763         0         0         0         0  0.225895  0.338843  0.435262         0         0         0         0         0 0.0606061  0.217631  0.239669  0.438017 0.0440771 0.0192837 0.0743802  0.132231  0.245179  0.179063  0.168044  0.181818  0.359752  0.208086 0.0273922   0.33236       363  l
        0         0  0.276712  0.723288         0         0         0         0  0.169863  0.389041  0.441096         0         0         0         0         0 0.0383562  0.246575  0.249315  0.432877 0.0328767 0.0219178 0.0739726  0.128767  0.252055  0.172603  0.175342  0.175342  0.359752  0.200616 0.0358019   0.32395       365  l
        0         0   0.27027   0.72973         0         0         0         0  0.164865  0.378378  0.454054 0.0027027         0         0         0         0 0.0513513   0.22973  0.251351  0.427027 0.0405405 0.0243243 0.0675676   0.12973  0.256757  0.172973  0.172973  0.175676  0.359752  0.199297 0.0387805  0.320972       370  l
         0          0    0.26738    0.73262          0          0          0          0   0.160428   0.374332   0.457219 0.00802139          0          0          0          0  0.0374332   0.251337   0.256684   0.419786  0.0347594   0.026738  0.0668449   0.139037   0.245989   0.165775   0.176471   0.179144   0.359752    0.19224  0.0466506   0.313102        374  l
        0         0  0.261905  0.738095         0         0         0         0   0.15873  0.378307  0.452381  0.010582         0         0         0         0 0.0555556  0.248677  0.261905  0.388889 0.0449735  0.031746 0.0634921  0.142857  0.238095   0.15873  0.185185  0.179894  0.359752  0.189158 0.0515248  0.308227       378  l
        0         0  0.261097  0.738903         0         0         0         0   0.16188  0.370757  0.438642 0.0287206         0         0         0         0 0.0548303  0.250653   0.27154  0.370757 0.0522193 0.0313316 0.0678851  0.140992  0.234987  0.164491  0.174935  0.185379  0.359752   0.18538 0.0557303  0.304022       383  l
        0         0  0.265092  0.734908         0         0         0         0  0.149606  0.354331   0.44357 0.0524934         0         0         0         0 0.0446194  0.244094  0.293963  0.367454 0.0498688 0.0288714 0.0708661  0.144357  0.228346  0.175853  0.178478  0.173228  0.359752  0.180705 0.0629486  0.296804       381  l
        0         0  0.276762  0.723238         0         0         0         0  0.140992  0.349869  0.417755 0.0913838         0         0         0         0 0.0287206  0.263708  0.328982  0.336815 0.0417755 0.0287206  0.073107  0.151436  0.219321  0.174935  0.177546  0.174935  0.359752  0.174316   0.07146  0.288292       383  l
        0         0  0.277922  0.722078         0         0         0         0   0.14026  0.311688  0.415584  0.132468         0         0         0         0 0.0311688  0.257143  0.381818  0.296104 0.0337662 0.0285714 0.0779221  0.148052   0.21039   0.18961  0.176623  0.168831  0.359752  0.167537 0.0793657  0.280386       385  l
        0         0  0.272727  0.727273         0         0         0         0  0.132468  0.277922  0.433766  0.155844         0         0         0         0 0.0363636  0.238961  0.394805  0.290909  0.038961 0.0285714 0.0831169  0.145455  0.212987  0.192208  0.179221  0.158442  0.359752  0.166664 0.0823537  0.277398       385  l
        0         0  0.257069  0.742931         0         0         0         0  0.131105  0.267352   0.44473  0.156812         0         0         0         0 0.0437018  0.239075  0.398458  0.272494 0.0462725 0.0282776 0.0848329   0.14653  0.205656  0.195373  0.174807  0.164524  0.359752  0.163484 0.0853392  0.274413       389  l
        0         0  0.268542  0.731458         0         0         0         0  0.117647  0.263427  0.442455  0.176471         0         0         0         0 0.0434783  0.242967  0.460358  0.212276 0.0409207 0.0255754 0.0895141  0.150895  0.202046  0.186701  0.176471  0.168798  0.359752  0.156212 0.0944932  0.265259       391  l
        0         0  0.270202  0.729798         0         0         0         0 0.0808081  0.242424  0.459596  0.217172         0         0         0         0  0.010101      0.25  0.570707  0.146465 0.0227273 0.0277778 0.0858586  0.151515  0.186869  0.194444  0.174242  0.179293  0.359752  0.144525  0.110977  0.248775       396  l
         0          0   0.266169   0.733831          0          0          0          0  0.0348259   0.266169    0.49005   0.208955          0          0          0          0 0.00746269   0.243781    0.59204   0.144279  0.0124378  0.0248756  0.0945274   0.149254   0.134328   0.233831   0.179104    0.18408   0.359752   0.134101   0.125015   0.234737        402  l
         0          0   0.262899   0.737101          0          0          0          0    0.02457   0.280098   0.464373   0.230958          0          0          0          0   0.004914   0.240786    0.60688   0.137592 0.00982801    0.02457  0.0909091   0.152334   0.127764   0.226044   0.189189   0.189189   0.359752     0.1235   0.137777   0.221975        407  l
        0         0  0.242131  0.757869         0         0         0         0 0.0242131  0.273608  0.438257  0.263923         0         0         0         0         0  0.225182   0.66586  0.094431 0.0145278 0.0242131 0.0992736    0.1477  0.135593  0.200969  0.200969  0.191283  0.359752  0.110201  0.154231  0.205521       413  l
         0          0    0.23913    0.76087          0          0          0          0  0.0217391   0.275362   0.432367   0.270531          0          0          0          0 0.00966184   0.222222   0.669082  0.0845411  0.0144928  0.0241546  0.0990338   0.140097   0.144928   0.188406   0.210145   0.193237   0.359752   0.103281   0.162213   0.197539        414  l
        0         0  0.237164  0.762836         0         0         0         0 0.0171149  0.278729  0.427873  0.276284         0         0         0         0 0.0122249  0.217604  0.674817 0.0782396 0.0171149 0.0244499  0.102689  0.139364  0.141809  0.185819  0.222494  0.183374  0.359752 0.0967077  0.169577  0.190175       409  l
        0         0  0.239024  0.760976         0         0         0         0 0.0195122  0.273171  0.419512  0.287805         0         0         0         0 0.0195122  0.221951  0.665854 0.0804878 0.0121951 0.0243902  0.109756   0.12439  0.143902  0.139024  0.265854  0.192683  0.359752 0.0889596  0.179446  0.180307       410  l
        0         0  0.230958  0.769042         0         0         0         0  0.019656  0.272727  0.412776   0.29484         0         0         0         0  0.034398  0.223587  0.651106 0.0786241  0.012285  0.022113  0.117936   0.12285  0.140049  0.149877  0.255528  0.191646  0.359752 0.0839684  0.186254  0.173498       407  l
        0         0  0.221675  0.778325         0         0         0         0 0.0221675  0.258621  0.413793  0.305419         0         0         0         0 0.0246305  0.238916  0.650246 0.0738916 0.0123153 0.0246305    0.1133  0.105911  0.160099  0.155172  0.246305  0.194581  0.359752 0.0777189  0.193692  0.166061       406  l
         0          0   0.229064   0.770936          0          0          0          0  0.0246305   0.243842   0.421182   0.307882 0.00246305          0          0          0  0.0197044   0.251232   0.633005  0.0837438  0.0123153  0.0221675   0.118227   0.091133   0.167488   0.162562   0.238916   0.199507   0.359752  0.0734106   0.199199   0.160554        406  l
         0          0   0.226368   0.773632          0          0          0          0  0.0199005   0.218905   0.437811   0.308458  0.0149254          0          0          0  0.0348259   0.253731   0.609453  0.0945274 0.00746269  0.0223881   0.114428  0.0920398   0.176617   0.169154   0.218905   0.206468   0.359752  0.0636069   0.209723   0.150029        402  l
         0          0   0.235443   0.764557          0          0          0          0  0.0303797   0.136709   0.496203   0.298734  0.0379747          0          0          0  0.0329114   0.275949   0.536709   0.151899 0.00253165  0.0227848   0.121519  0.0936709   0.177215   0.162025   0.156962   0.265823   0.359752  0.0517971   0.223153     0.1366        395  l
        0         0  0.225641  0.774359         0         0         0         0 0.0205128   0.14359  0.507692  0.297436 0.0307692         0         0         0 0.0230769  0.305128  0.492308  0.179487         0 0.0205128  0.120513       0.1  0.171795  0.166667   0.15641  0.264103  0.359752 0.0409117  0.235448  0.124304       390  l
        0         0  0.227749  0.772251         0         0         0         0 0.0209424  0.149215  0.507853  0.301047 0.0209424         0         0         0 0.0340314  0.295812  0.484293  0.185864         0 0.0235602  0.112565  0.115183  0.120419  0.212042   0.15445   0.26178  0.359752 0.0289027  0.246638  0.113114       382  l
         0          0   0.234604   0.765396          0          0          0          0          0   0.211144   0.513196    0.27566          0          0          0          0  0.0381232    0.29912   0.454545   0.205279 0.00293255   0.026393   0.105572   0.158358    0.13783   0.199413   0.181818   0.190616   0.356187 0.00156838   0.266526  0.0896613        341  l
         0          0        0.2        0.8          0          0          0          0          0   0.251429   0.437143   0.311429          0          0          0          0 0.00285714   0.328571   0.508571       0.16          0  0.0228571       0.08       0.18   0.131429   0.114286   0.251429       0.22    0.35826 -0.0188106   0.294143  0.0641171        350  l
         0          0    0.16369    0.83631          0          0          0          0          0   0.270833   0.404762   0.324405          0          0          0          0  0.0178571   0.238095   0.455357   0.252976  0.0357143  0.0327381  0.0803571   0.133929   0.154762      0.125   0.220238   0.252976   0.358317 -0.0479593   0.324951  0.0333666        336  l
         0          0   0.167164   0.832836          0          0          0          0 0.00298507   0.274627   0.402985   0.319403          0          0          0          0  0.0268657    0.21194   0.441791   0.277612   0.041791  0.0298507  0.0835821   0.101493   0.179104   0.128358   0.179104   0.298507   0.360676 -0.0551395   0.332987  0.0276888        335  l
        0         0  0.374005  0.625995         0         0         0         0 0.0848806  0.238727  0.275862  0.371353 0.0291777         0         0         0         0  0.183024  0.278515  0.517241 0.0212202 0.0132626 0.0636605 0.0954907  0.180371  0.185676  0.244032  0.217507  0.359752  0.243709 0.0133142  0.346438       377  l
         0          0   0.355263   0.644737          0          0          0          0  0.0421053   0.268421   0.310526   0.376316 0.00263158          0          0          0          0   0.165789   0.305263   0.505263  0.0236842  0.0157895  0.0631579  0.0973684   0.181579   0.155263   0.263158   0.223684   0.359752   0.240834  0.0172304   0.342522        380  l
        0         0  0.354922  0.645078         0         0         0         0 0.0440415   0.26943  0.303109  0.334197 0.0492228         0         0         0         0   0.15544  0.313471  0.505181 0.0259067 0.0181347 0.0569948 0.0984456  0.186529  0.147668  0.266839  0.225389  0.359752  0.238623 0.0205342  0.339218       386  l
         0          0    0.34456    0.65544          0          0          0          0  0.0440415   0.274611   0.292746   0.318653  0.0699482          0          0          0 0.00259067   0.163212   0.367876   0.440415  0.0259067  0.0207254  0.0544041   0.101036   0.183938   0.147668    0.26943   0.222798   0.359752   0.232526  0.0277801   0.331972        386  l
         0          0   0.349741   0.650259          0          0          0          0  0.0518135   0.266839   0.272021   0.313471  0.0958549          0          0          0 0.00259067   0.176166   0.409326   0.388601  0.0233161  0.0259067  0.0518135  0.0984456   0.189119   0.139896   0.272021   0.222798   0.359752   0.224095  0.0367006   0.323052        386  l
         0          0   0.344737   0.655263          0          0          0          0  0.0578947   0.255263   0.255263   0.331579        0.1          0          0          0 0.00263158   0.184211   0.413158   0.381579  0.0184211  0.0263158  0.0605263   0.107895   0.176316   0.144737   0.255263   0.228947   0.359752   0.213721  0.0506734   0.309079        380  l
         0          0   0.331579   0.668421          0          0          0          0  0.0578947   0.252632   0.268421   0.331579  0.0894737          0          0          0 0.00789474   0.184211   0.415789   0.373684  0.0184211  0.0263158  0.0605263   0.110526   0.165789   0.168421   0.242105   0.226316   0.359752   0.209381  0.0562744   0.303478        380  l
        0         0  0.316623  0.683377         0         0         0         0  0.055409  0.224274  0.295515  0.348285 0.0765171         0         0         0 0.0211082  0.187335  0.472296  0.300792 0.0184697 0.0263852 0.0659631  0.118734  0.147757  0.184697  0.155673  0.300792  0.359752  0.198855 0.0686593  0.291093       379  l
        0         0  0.312834  0.687166         0         0         0         0 0.0614973  0.176471  0.323529  0.360963 0.0775401         0         0         0  0.013369  0.187166  0.532086  0.245989 0.0213904 0.0240642 0.0695187  0.128342 0.0989305  0.235294  0.168449  0.275401  0.359752  0.189169 0.0804981  0.279254       374  l
        0         0   0.29683   0.70317         0         0         0         0 0.0403458  0.152738  0.389049  0.357349 0.0605187         0         0         0 0.0230548  0.178674  0.596542  0.201729         0 0.0259366 0.0806916   0.14121  0.118156  0.213256  0.193084  0.227666  0.355454  0.162069  0.105666  0.249788       347  l
         0          0   0.295031   0.704969          0          0          0          0 0.00621118   0.192547   0.447205   0.354037          0          0          0          0  0.0248447   0.204969   0.593168   0.177019          0  0.0248447  0.0993789    0.13354   0.149068   0.217391   0.195652   0.180124   0.355454     0.1473   0.113546   0.241908        322  l
         0          0   0.294118   0.705882          0          0          0          0          0   0.198142   0.455108   0.315789  0.0309598          0          0          0  0.0154799    0.20743   0.606811   0.167183 0.00309598  0.0278638  0.0928793   0.148607   0.148607   0.176471   0.216718   0.188854   0.355454   0.138785    0.12369   0.231764        323  l
        0         0   0.26506   0.73494         0         0         0         0         0  0.210843  0.427711  0.310241 0.0512048         0         0         0 0.0120482  0.207831  0.641566  0.138554         0 0.0271084 0.0933735  0.138554  0.153614  0.111446  0.240964   0.23494  0.358074  0.124197  0.141177  0.216897       332  l
        0         0  0.240854  0.759146         0         0         0         0         0  0.222561  0.426829  0.292683 0.0579268         0         0         0 0.0243902   0.20122  0.670732  0.103659         0  0.027439 0.0914634  0.134146  0.155488  0.128049  0.222561  0.240854   0.35826  0.113764  0.154733  0.203527       328  l
         0          0   0.220859   0.779141          0          0          0          0          0   0.239264   0.411043   0.303681  0.0460123          0          0          0  0.0368098   0.233129   0.644172  0.0766871 0.00920245  0.0276074   0.107362   0.095092   0.168712   0.141104   0.159509   0.300613    0.35826  0.0999721   0.171081   0.187179        326  l
        0         0  0.196262  0.803738         0         0         0         0 0.0124611  0.224299  0.411215  0.320872 0.0311526         0         0         0 0.0373832  0.258567  0.619938 0.0716511 0.0124611 0.0249221  0.121495 0.0903427  0.155763  0.146417   0.17134   0.28972  0.358317  0.085999  0.185749  0.172569       321  l
         0          0   0.192429   0.807571          0          0          0          0  0.0189274   0.217666   0.419558   0.315457  0.0283912          0          0          0  0.0347003   0.258675   0.605678  0.0914826 0.00946372   0.022082   0.126183  0.0914826    0.14511   0.170347   0.173502   0.271293   0.360676  0.0780425   0.194365   0.166311        317  l
         0          0   0.207746   0.792253          0          0          0          0  0.0176056    0.18662    0.53169   0.264085          0          0          0          0  0.0316901   0.228873   0.612676   0.119718 0.00704225  0.0246479   0.140845  0.0985916  0.0950704   0.264085    0.18662   0.190141   0.361472  0.0554227   0.211337   0.150136        284  l
        0         0  0.226619  0.773381         0         0         0         0 0.0107914  0.190647  0.517986  0.258993 0.0215827         0         0         0  0.129496  0.230216  0.510791  0.129496         0 0.0251799  0.122302  0.118705  0.115108   0.23741  0.201439  0.179856  0.362658  0.035993  0.229527   0.13313       278  l
         0          0   0.213768   0.786232          0          0          0          0          0   0.213768   0.474638   0.275362  0.0362319          0          0          0  0.0978261   0.275362   0.496377   0.126812 0.00362319  0.0253623   0.115942   0.115942   0.152174   0.163043   0.242754   0.184783   0.362658  0.0236012   0.246027   0.116631        276  l
        0         0  0.221014  0.778986         0         0         0         0         0  0.217391  0.449275  0.289855 0.0434783         0         0         0 0.0652174  0.286232  0.518116  0.130435         0 0.0253623  0.108696  0.105072  0.181159  0.119565  0.271739  0.188406  0.362658 0.0182314  0.252853  0.109804       276  l
           0            0     0.203774     0.796226            0            0            0            0            0     0.222642     0.403774     0.316981    0.0566038            0            0            0    0.0377358     0.283019     0.498113     0.173585   0.00754717    0.0264151    0.0679245     0.173585     0.158491     0.139623     0.226415     0.207547     0.363925 -0.000506362     0.274537    0.0893881          265  l
          0           0    0.179389    0.820611           0           0           0           0           0    0.236641    0.389313    0.328244   0.0458015           0           0           0   0.0343511    0.290076    0.492366    0.179389  0.00381679   0.0267176   0.0687023    0.171756    0.164122    0.148855     0.19084    0.229008    0.363925 -0.00702332      0.2808   0.0831251         262  l
         0          0   0.189723   0.810277          0          0          0          0          0   0.241107   0.383399   0.355731  0.0197628          0          0          0  0.0158103    0.27668   0.478261   0.221344 0.00790514  0.0237154  0.0869565   0.130435   0.177866   0.162055   0.142292    0.27668   0.363925 -0.0242523    0.29965  0.0642748        253  l
         0          0   0.188755   0.811245          0          0          0          0          0    0.24498    0.37751    0.37751          0          0          0          0  0.0240964   0.273092   0.433735   0.253012  0.0160643  0.0281125  0.0923695  0.0963855   0.212851    0.15261   0.140562   0.277108   0.363925 -0.0338937   0.311097  0.0528277        249  l
         0          0   0.214286   0.785714          0          0          0          0          0   0.294643   0.397321   0.308036          0          0          0 0.00446429  0.0446429   0.214286   0.401786     0.3125  0.0223214    0.03125   0.107143   0.102679    0.21875   0.169643   0.165179   0.205357   0.378917 -0.0520097   0.338121   0.040796        224  l
         0          0   0.207965   0.792035          0          0          0          0          0   0.278761   0.429204   0.292035          0          0          0 0.00884956  0.0353982   0.212389   0.331858   0.393805  0.0176991  0.0442478  0.0884956   0.115044   0.132743   0.225664   0.181416   0.212389   0.379933   -0.06739   0.355235  0.0246986        226  l
         0          0   0.191111   0.808889          0          0          0          0          0   0.271111   0.466667   0.262222          0          0          0 0.00888889  0.0355556   0.177778   0.337778        0.4       0.04  0.0488889  0.0844444   0.111111   0.106667   0.217778   0.217778   0.213333   0.380318 -0.0781874   0.368442  0.0118764        225  l
         0          0   0.182222   0.817778          0          0          0          0          0   0.262222   0.457778       0.28          0          0          0 0.00444444  0.0311111   0.182222   0.342222   0.404444  0.0355556  0.0444444  0.0844444   0.115556   0.111111   0.222222   0.213333   0.208889   0.380318 -0.0773415   0.370682 0.00963619        225  l
         0          0  0.0395257   0.932806          0          0   0.027668          0  0.0197628   0.209486   0.478261   0.241107  0.0513834          0          0          0          0   0.249012   0.683794  0.0671937          0  0.0592885   0.055336  0.0948617   0.130435   0.233202   0.233202   0.193676   0.380514 -0.0645175    0.36995  0.0105641        253  l
        0         0 0.0392157  0.929412         0         0 0.0313726         0 0.0156863  0.223529  0.482353  0.223529  0.054902         0         0         0         0  0.231373  0.694118 0.0745098         0 0.0588235  0.054902 0.0941176   0.12549  0.231373  0.239216  0.196078  0.380514 -0.065915  0.373253 0.0072613       255  l
         0          0  0.0646388   0.901141          0          0  0.0342205          0  0.0152091   0.201521   0.509506   0.239544  0.0342205          0          0          0          0   0.205323   0.711027  0.0836502          0  0.0532319  0.0532319  0.0912548   0.117871   0.258555   0.235741   0.190114   0.380514 -0.0563998    0.36619  0.0143237        263  l
 0.0828729          0   0.292818   0.618785          0          0 0.00552486          0  0.0552486   0.154696    0.40884   0.381215          0          0          0          0   0.149171  0.0165746   0.574586   0.198895  0.0607735 0.00552486  0.0276243  0.0441989   0.165746   0.171271   0.237569   0.348066    0.43043   0.237579  0.0887836   0.341646        181  l
        0         0  0.363946  0.636054         0         0         0         0  0.047619  0.302721  0.108844  0.414966   0.12585         0         0         0         0  0.173469  0.394558  0.418367 0.0136054 0.0272109 0.0612245 0.0918367  0.136054  0.210884  0.146259  0.326531   0.35826  0.239543 0.0233141  0.334946       294  l
        0         0  0.340136  0.659864         0         0         0         0 0.0442177  0.278912  0.170068  0.394558  0.112245         0         0         0         0  0.173469  0.387755  0.421769 0.0170068 0.0306122 0.0612245  0.102041  0.108844  0.221088  0.153061  0.323129   0.35826  0.234796  0.028938  0.329322       294  l
        0         0  0.315789  0.684211         0         0         0         0 0.0561404  0.252632  0.217544  0.392982 0.0807018         0         0         0 0.0245614  0.164912   0.34386  0.442105 0.0245614 0.0280702 0.0631579  0.112281  0.112281  0.224561  0.185965  0.273684   0.35826  0.222236  0.040192  0.318068       285  l
        0         0  0.307985  0.692015         0         0         0         0  0.026616  0.239544   0.38403   0.34981         0         0         0         0 0.0190114  0.212928  0.467681  0.281369 0.0190114 0.0304183 0.0798479  0.121673  0.121673  0.212928  0.239544  0.193916  0.358317  0.203141 0.0549051  0.303412       263  l
         0          0    0.30038    0.69962          0          0          0          0  0.0342205   0.178707    0.43346   0.326996   0.026616          0          0          0 0.00380228   0.231939    0.51711   0.243346 0.00380228  0.0304183  0.0722433   0.129278   0.117871    0.18251   0.269962   0.197719   0.360676   0.187003  0.0732683   0.287408        263  l
        0         0  0.305344  0.694656         0         0         0         0 0.0343511  0.179389  0.408397  0.290076 0.0877863         0         0         0 0.0114504  0.240458  0.503817  0.244275         0 0.0267176 0.0801527  0.114504  0.137405  0.145038  0.290076  0.206107  0.361472   0.18161 0.0793625   0.28211       262  l
        0         0  0.290566  0.709434         0         0         0         0 0.0377358  0.184906  0.373585  0.286792  0.116981         0         0         0 0.0226415  0.237736  0.501887  0.237736         0 0.0264151 0.0792453  0.120755  0.128302  0.162264  0.271698  0.211321  0.361472  0.177508 0.0845085  0.276964       265  l
         0          0        0.3        0.7          0          0          0          0  0.0307692   0.192308   0.330769   0.323077   0.123077          0          0          0  0.0346154   0.242308   0.526923   0.192308 0.00384615  0.0307692  0.0730769   0.119231   0.161538   0.146154       0.25   0.219231   0.362658   0.165272  0.0998439   0.262814        260  l
         0          0   0.279528   0.720472          0          0          0          0          0   0.224409   0.318898   0.350394   0.106299          0          0          0   0.019685   0.240157   0.570866   0.165354 0.00393701  0.0275591  0.0748032  0.0944882   0.212598   0.145669   0.165354   0.279528   0.362658   0.152574   0.115199   0.247459        254  l
        0         0  0.277778  0.722222         0         0         0         0         0  0.234127  0.289683  0.373016  0.103175         0         0         0  0.015873  0.242063   0.59127  0.138889 0.0119048 0.0277778 0.0793651 0.0793651  0.222222   0.15873  0.134921  0.297619  0.362658   0.14503   0.12339  0.239268       252  l
         0          0   0.256198   0.743802          0          0          0          0          0   0.231405   0.326446   0.363636  0.0785124          0          0          0  0.0165289   0.210744    0.64876   0.115702 0.00826446  0.0289256  0.0785124   0.103306   0.206612   0.169421   0.136364   0.276859   0.363925   0.134841   0.133611   0.230314        242  l
        0         0  0.251064  0.748936         0         0         0         0         0  0.234043  0.365957  0.348936 0.0510638         0         0         0 0.0170213  0.191489   0.66383  0.114894  0.012766 0.0297872 0.0851064  0.110638  0.204255  0.170213   0.13617   0.26383  0.378917   0.12469  0.157821  0.221096       235  l
        0         0  0.260465  0.739535         0         0         0         0         0  0.269767       0.4  0.330233         0         0         0         0 0.0325581  0.190698  0.651163  0.111628 0.0139535 0.0325581 0.0976744  0.125581  0.195349       0.2  0.153488  0.195349  0.378917  0.110302  0.167045  0.211872       215  l
        0         0  0.264151  0.735849         0         0         0         0         0  0.292453  0.400943  0.306604         0         0         0         0 0.0424528  0.188679  0.632075  0.117925 0.0188679 0.0330189  0.103774  0.136792   0.15566  0.226415  0.169811  0.174528  0.378917  0.104908  0.173229  0.205688       212  l
        0         0  0.251163  0.748837         0         0         0         0         0  0.274419  0.423256  0.302326         0         0         0         0 0.0837209  0.176744  0.604651  0.116279 0.0186047 0.0325581   0.12093   0.12093  0.102326  0.255814  0.172093  0.195349  0.378917 0.0987723  0.182464  0.196453       215  l
        0         0  0.239631  0.760369         0         0         0         0         0  0.207373  0.493088  0.299539         0         0         0         0 0.0552995  0.179724   0.64977 0.0967742 0.0184332 0.0322581  0.124424  0.115207 0.0967742  0.235023   0.18894  0.207373  0.378917 0.0903749  0.191196  0.187721       217  l
         0          0   0.208145   0.791855          0          0          0          0          0   0.176471   0.552036   0.271493          0          0          0 0.00452489  0.0542986   0.230769   0.628959  0.0723982 0.00904977  0.0316742   0.131222   0.104072  0.0995475   0.158371   0.248869   0.226244   0.380318  0.0749044   0.210662   0.169657        221  l
         0          0   0.188073   0.811927          0          0          0          0          0   0.178899   0.559633   0.261468          0          0          0 0.00917431  0.0733945   0.252294   0.582569  0.0779817 0.00458716  0.0321101    0.12844   0.105505   0.100917  0.0917431   0.321101   0.220183   0.380318  0.0659697   0.220942   0.159376        218  l
 0.0628931          0   0.238994   0.679245          0          0  0.0188679          0   0.100629   0.301887   0.377358   0.213836 0.00628931          0  0.0125786  0.0440252   0.081761 0.00628931   0.125786   0.654088  0.0754717  0.0188679  0.0566038          0   0.194969   0.188679   0.226415   0.314465    0.43043   0.325588          0    0.43043        159  l
 0.128378         0  0.195946  0.614865         0         0 0.0608108         0  0.216216  0.304054  0.371622  0.108108         0         0 0.0135135 0.0945946  0.189189 0.0135135  0.128378  0.540541 0.0202703 0.0202703 0.0472973 0.0337838  0.175676  0.243243  0.202703  0.277027   0.43043  0.291941 0.0325325  0.397897       148  l
