         0          0   0.133333   0.766667  0.0833333          0  0.0166667  0.0333333   0.216667  0.0166667   0.566667  0.0333333  0.0666667  0.0666667  0.0333333   0.116667  0.0333333   0.566667  0.0166667  0.0833333       0.15       0.05   0.116667  0.0833333  0.0666667        0.2       0.25   0.233333   0.388623 0.00789662   0.256244   0.132379         60  c
         0  0.0508475   0.135593   0.677966  0.0338983   0.101695          0  0.0508475   0.508475  0.0508475  0.0169492  0.0169492   0.169492   0.186441  0.0169492          0  0.0677966    0.38983  0.0677966   0.220339   0.237288  0.0338983  0.0847458  0.0847458   0.169492   0.220339   0.254237   0.152542   0.422826 -0.0207823   0.297637   0.125188         59  c
0.0357143         0  0.107143  0.785714 0.0357143 0.0357143         0         0         0         0  0.178571  0.107143  0.428571  0.285714      0.25 0.0357143 0.0357143 0.0714286  0.142857  0.357143  0.107143  0.178571  0.142857 0.0357143 0.0714286  0.142857  0.178571      0.25  0.385157 -0.119624  0.385157         0        28  c
   0.016129           0    0.290323    0.596774   0.0967742           0           0   0.0483871   0.0645161    0.016129    0.548387    0.209677   0.0322581   0.0806452   0.0322581           0    0.016129    0.548387    0.016129    0.193548    0.193548   0.0967742   0.0806452   0.0645161   0.0806452    0.225806     0.16129    0.290323    0.422826 -0.00891484    0.285487    0.137339          62  c
 0.258427  0.146067  0.191011   0.11236  0.179775         0   0.11236  0.370787  0.011236 0.0674157  0.011236         0 0.0337079  0.505618  0.123596 0.0224719         0  0.393258 0.0224719   0.11236  0.325843 0.0561798 0.0674157 0.0561798 0.0674157  0.146067  0.348315  0.258427  0.431202 0.0190847  0.297664  0.133538        89  c
  0.037037  0.0740741   0.333333   0.469136  0.0740741  0.0123457          0   0.160494   0.345679  0.0740741   0.123457   0.234568  0.0493827  0.0123457  0.0246914  0.0246914   0.296296  0.0987654  0.0246914   0.271605   0.259259  0.0123457  0.0493827  0.0740741   0.160494   0.271605   0.246914   0.185185   0.431202 -0.0137868   0.330976   0.100226         81  c
        0         0  0.295082   0.57377  0.131148         0         0 0.0163934  0.278689  0.196721  0.327869 0.0819672 0.0327869 0.0655738  0.311475         0         0 0.0327869  0.409836  0.245902         0 0.0819672 0.0819672  0.114754  0.147541 0.0819672  0.114754  0.377049  0.388623 -0.117039  0.388623         0        61  c
   0.321637   0.0233918   0.0233918    0.116959           0   0.0935673    0.421053   0.0233918     0.25731   0.0818713    0.140351   0.0292398   0.0584795    0.409357           0   0.0233918    0.304094    0.187135    0.280702   0.0994152    0.105263   0.0350877   0.0350877   0.0350877    0.105263    0.251462    0.263158    0.274854     0.41574 -0.00625481    0.283586    0.132154         171  c
   0.36747  0.0240964  0.0060241   0.126506          0  0.0903614   0.385542  0.0180723    0.23494    0.10241   0.144578   0.060241  0.0542169   0.385542          0  0.0240964    0.39759   0.186747   0.228916  0.0542169   0.108434  0.0240964  0.0361446  0.0421687    0.13253   0.259036   0.253012   0.253012    0.41574 -0.0109728   0.289594   0.126146        166  c
 0.0666667   0.233333  0.0777778   0.277778   0.322222  0.0111111  0.0111111   0.322222  0.0555556   0.188889   0.188889        0.1  0.0333333   0.111111   0.255556  0.0888889  0.0888889   0.111111  0.0888889   0.144444   0.222222  0.0666667  0.0444444  0.0888889  0.0777778   0.188889   0.222222   0.311111   0.412096  -0.118564   0.405205 0.00689083         90  c
0.0238095 0.0238095  0.392857  0.369048  0.047619  0.107143 0.0357143   0.22619 0.0714286 0.0952381  0.190476 0.0119048  0.261905  0.142857 0.0238095  0.130952 0.0238095 0.0714286      0.25 0.0357143  0.464286 0.0833333 0.0595238 0.0833333 0.0595238  0.166667  0.238095  0.309524  0.412096 -0.126905  0.412096         0        84  c
  0.157303   0.134831    0.11236   0.224719   0.224719   0.011236   0.134831   0.337079   0.146067   0.101124  0.0786517   0.011236  0.0786517   0.247191   0.213483   0.303371   0.101124   0.011236   0.134831  0.0337079   0.202247  0.0786517  0.0674157  0.0786517  0.0561798   0.146067   0.224719   0.348315   0.412096  -0.113414   0.405664 0.00643203         89  c
  0.151163   0.127907   0.139535    0.22093   0.197674  0.0116279   0.151163   0.337209   0.162791  0.0930233  0.0813954  0.0116279  0.0581395   0.255814    0.22093   0.313953  0.0930233  0.0116279   0.127907  0.0232558   0.209302  0.0930233  0.0697674  0.0813954  0.0581395   0.116279   0.232558   0.348837   0.412096  -0.113542   0.406351 0.00574481         86  c
  0.0333333           0  0.00606061    0.412121           0     0.10303    0.445455   0.0121212   0.0939394    0.142424     0.20303    0.333333    0.215152           0           0   0.0030303   0.0575758    0.275758    0.463636    0.151515   0.0484848   0.0121212   0.0212121   0.0272727    0.142424    0.260606    0.266667    0.269697    0.400978 -0.00348427    0.268952    0.132026         330  c
 0.0242424          0  0.0030303   0.409091          0   0.069697   0.493939  0.0181818  0.0030303   0.178788   0.242424   0.366667   0.190909          0          0          0    0.10303        0.3    0.39697   0.151515  0.0484848 0.00909091  0.0181818  0.0454545   0.172727   0.218182   0.281818   0.254545   0.400978 -0.0118467   0.276963   0.124015        330  c
  0.284672 0.00364964  0.0291971   0.554745          0          0   0.127737  0.0839416   0.313869   0.291971    0.20073  0.0693431  0.0328467 0.00729927  0.0729927   0.145985   0.416058  0.0109489   0.288321  0.0547445  0.0109489  0.0145985  0.0510949   0.109489   0.135036   0.182482   0.259124   0.248175   0.400978  -0.105744   0.372976  0.0280015        274  c
  0.110701 0.00738007  0.0848708   0.560886  0.0295203   0.184502  0.0221402   0.254613   0.147601  0.0184502   0.210332   0.232472  0.0848708  0.0516605  0.0774908   0.095941   0.398524  0.0147601   0.114391   0.287823  0.0110701  0.0332103  0.0516605  0.0922509   0.129151   0.129151   0.247232   0.317343    0.41574  -0.123187   0.400978  0.0147616        271  c
          0           0           0    0.376812   0.0144928           0    0.608696   0.0289855    0.304348    0.130435    0.173913    0.130435    0.144928   0.0869565           0           0   0.0724638    0.057971    0.710145    0.130435   0.0289855   0.0869565   0.0869565    0.130435    0.217391    0.173913    0.173913    0.130435     0.41127 -0.00908038     0.26349     0.14778          69  c
  0.0704225           0           0    0.366197   0.0140845           0    0.549296    0.028169     0.15493    0.225352    0.239437    0.126761    0.112676    0.112676           0   0.0704225   0.0985916   0.0422535    0.619718    0.169014           0   0.0422535    0.084507    0.197183     0.15493     0.15493    0.169014    0.197183    0.443634 -0.00716515    0.275241    0.168393          71  c
  0.0972222           0           0    0.361111   0.0138889           0    0.527778   0.0277778    0.138889    0.222222    0.263889       0.125   0.0972222       0.125           0       0.125   0.0694444   0.0416667    0.597222    0.166667           0   0.0416667   0.0694444    0.194444    0.138889    0.166667    0.180556    0.208333    0.443871 -0.00480307    0.278095    0.165775          72  c
     0.66         0      0.05      0.15         0         0      0.14         0      0.08      0.56      0.16      0.07      0.11      0.02         0      0.11      0.28      0.44      0.13      0.04         0      0.05      0.05      0.06      0.09      0.15      0.27      0.33   0.41127 0.0221932   0.25879   0.15248       100  c
  0.280899   0.101124  0.0337079   0.314607          0          0   0.269663   0.101124   0.393258   0.101124   0.303371  0.0898876   0.011236          0          0   0.134831   0.314607   0.191011   0.280899  0.0786517          0   0.011236          0   0.134831   0.146067   0.134831   0.314607   0.258427    0.41127 -0.0713391   0.347576  0.0636935         89  c
  0.0983607           0    0.131148    0.327869           0   0.0819672    0.360656           0   0.0983607    0.196721    0.114754   0.0983607           0    0.491803    0.196721    0.131148    0.114754   0.0163934    0.278689    0.229508   0.0327869   0.0983607   0.0983607    0.163934   0.0327869    0.196721    0.213115    0.196721     0.41127    -0.15418    0.411025 0.000244975          61  c
 0.0679012          0 0.00617284   0.728395  0.0308642          0   0.166667          0   0.179012   0.104938   0.438272   0.277778          0          0          0  0.0493827   0.197531   0.567901   0.185185          0          0  0.0308642  0.0432099  0.0432099  0.0802469   0.203704   0.320988   0.277778   0.387156 0.00130556   0.257532   0.129623        162  c
   0.12766          0          0   0.787234  0.0496454          0   0.035461          0   0.177305   0.134752   0.404255   0.283688          0          0  0.0141844  0.0638298   0.198582   0.510638   0.212766          0          0  0.0070922  0.0283688   0.070922   0.156028   0.156028   0.241135   0.340426   0.387156 -0.0273375    0.29396  0.0931954        141  c
  0.136364          0          0   0.715909      0.125          0  0.0227273          0   0.147727  0.0681818   0.420455   0.363636          0          0          0   0.193182   0.340909   0.238636   0.227273          0          0  0.0681818  0.0681818  0.0795455  0.0340909   0.159091   0.261364   0.329545   0.263309 -0.0891436   0.257782 0.00552714         88  c
  0.352423  0.0176211  0.0572687   0.352423          0          0   0.220264  0.0264317  0.0704846   0.176211   0.643172  0.0837004          0          0          0 0.00881057   0.061674   0.519824    0.30837  0.0660793  0.0352423  0.0352423   0.030837  0.0352423   0.171806   0.299559   0.242291   0.185022   0.368277 -0.0190852   0.251179   0.117098        227  c
  0.246445  0.0236967  0.0473934   0.374408          0          0   0.308057   0.028436  0.0758294   0.170616   0.668246   0.056872          0          0          0 0.00947867   0.113744   0.473934    0.28436  0.0995261  0.0189573  0.0189573   0.028436  0.0995261   0.175355   0.232227   0.236967   0.208531   0.368277 -0.0429015   0.274079  0.0941981        211  c
 0.234899 0.0134228  0.033557   0.61745         0         0  0.100671 0.0604027  0.194631  0.187919  0.442953 0.0805369  0.033557         0  0.033557 0.0268456  0.315436  0.100671  0.369128  0.134228 0.0201342 0.0469799 0.0604027 0.0805369   0.14094  0.181208  0.342282  0.147651  0.389365 -0.104026   0.36255  0.026815       149  c
 0.0609756 0.00304878  0.0182927   0.658537  0.0152439  0.0243902   0.219512  0.0152439 0.00304878  0.0304878   0.878049  0.0365854          0  0.0365854          0  0.0152439      0.125   0.573171   0.128049   0.137195  0.0213415  0.0213415   0.027439  0.0823171   0.231707   0.204268    0.14939   0.283537   0.365248 -0.0308892   0.251811   0.113437        328  c
 0.0479705          0  0.0184502   0.612546  0.0147601  0.0332103   0.273063 0.00738007  0.0147601   0.177122   0.612546   0.121771  0.0184502  0.0479705          0 0.00369004  0.0774908  0.0590406   0.527675   0.254613  0.0774908 0.00369004  0.0553506   0.110701   0.177122   0.158672   0.324723   0.169742   0.370975 -0.0888231   0.316224  0.0547506        271  c
 0.0714286 0.00420168  0.0378151   0.579832          0  0.0378151   0.268908          0   0.012605   0.239496        0.5   0.155462  0.0210084  0.0714286          0          0  0.0630252  0.0504202   0.533613   0.214286   0.138655  0.0336134  0.0420168  0.0630252   0.180672   0.260504   0.176471   0.243697   0.370975  -0.124155    0.35505  0.0159245        238  c
 0.0884956  0.0265487   0.020649   0.669617  0.0147493  0.0383481   0.141593  0.0176991  0.0176991  0.0442478   0.752212   0.079646 0.00294985  0.0855457          0          0   0.138643   0.525074   0.233038  0.0678466  0.0353982  0.0265487  0.0265487   0.109145   0.300885    0.19469   0.165192   0.176991   0.356461 -0.0265125   0.243716   0.112744        339  c
 0.0808383  0.0269461  0.0209581   0.664671  0.0149701  0.0299401   0.161677  0.0179641  0.0209581  0.0419162   0.748503  0.0748503 0.00898204  0.0868263          0          0   0.137725   0.502994   0.233533  0.0898204  0.0359281  0.0179641  0.0329341   0.134731   0.269461   0.203593   0.209581   0.131737   0.356461 -0.0355663   0.252197   0.104264        334  c
 0.0857143 0.00952381  0.0031746   0.644444  0.0412698  0.0285714   0.187302  0.0222222  0.0222222  0.0507937   0.726984  0.0603175          0    0.11746  0.0031746  0.0412698   0.155556    0.11746    0.44127   0.168254  0.0730159 0.00634921  0.0793651   0.139683   0.196825   0.257143   0.177778   0.142857   0.356461 -0.0895137   0.305038  0.0514227        315  c
 0.0983051 0.00338983  0.0169492    0.60678 0.00677966  0.0169492   0.250847   0.020339  0.0372881  0.0711864   0.701695  0.0474576  0.0135593   0.108475  0.0271186  0.0237288   0.342373   0.179661   0.145763   0.145763   0.135593  0.0271186  0.0813559   0.122034   0.227119   0.145763    0.19661        0.2   0.356461  -0.131734   0.349169   0.007292        295  c
  0.101351 0.00337838  0.0135135   0.608108 0.00675676  0.0304054   0.236486  0.0202703  0.0371622  0.0743243   0.699324  0.0405405  0.0168919   0.111486   0.027027  0.0202703   0.287162   0.236486   0.158784   0.148649   0.121622  0.0371622  0.0709459   0.128378   0.206081   0.168919   0.202703   0.185811   0.356461  -0.123489   0.339611  0.0168496        296  c
0.0131579         0 0.0394737  0.473684 0.0657895         0  0.407895         0  0.210526  0.171053      0.25  0.236842 0.0131579  0.118421         0 0.0131579 0.0131579  0.486842  0.302632  0.184211         0 0.0921053 0.0394737 0.0921053  0.131579  0.210526      0.25  0.184211  0.386185 0.0162311  0.230259  0.155926        76  c
 0.0140845          0  0.0704225   0.577465          0          0   0.338028          0   0.267606  0.0704225   0.169014   0.352113  0.0140845   0.126761          0          0   0.056338   0.380282   0.323944   0.239437          0   0.056338  0.0704225  0.0704225    0.15493   0.197183    0.28169   0.169014   0.386185 0.00812588   0.236318   0.149867         71  c
      0.06          0          0      0.784          0      0.008      0.148          0      0.004      0.172      0.648      0.176          0          0          0          0      0.164       0.26      0.556       0.02          0      0.056      0.032      0.068       0.12      0.356      0.204      0.164   0.393484 -0.0280818   0.263387   0.130097        250  c
 0.0658436          0          0   0.781893          0 0.00823045   0.144033          0 0.00823045     0.1893   0.592593   0.205761 0.00411523          0          0          0   0.201646    0.36214   0.411523  0.0164609 0.00823045  0.0534979  0.0288066  0.0823045   0.102881   0.382716   0.185185   0.164609   0.393484 -0.0329878   0.267834   0.125651        243  c
    0.0625          0          0   0.783333          0 0.00833333   0.145833          0 0.00833333   0.195833     0.5875   0.204167 0.00416667          0          0          0   0.208333   0.358333        0.4      0.025 0.00833333  0.0458333  0.0333333  0.0916667     0.1125   0.366667   0.191667   0.158333   0.393484 -0.0330089   0.267571   0.125913        240  c
  0.682008          0  0.0209205   0.192469          0          0   0.104603          0  0.0083682     0.1841   0.543933    0.25523  0.0083682          0          0  0.0292887   0.405858   0.338912   0.196653  0.0167364  0.0125523  0.0460251  0.0292887   0.100418   0.121339   0.343096   0.200837   0.158996   0.393484 -0.0344759   0.267902   0.125582        239  c
  0.677824          0  0.0209205   0.196653          0          0   0.104603          0  0.0083682   0.179916   0.585774   0.217573  0.0083682          0          0  0.0376569   0.368201   0.364017   0.196653  0.0209205  0.0125523   0.041841  0.0334728   0.100418   0.129707   0.334728   0.196653    0.16318   0.393484 -0.0334232   0.265196   0.128288        239  c
  0.679487          0  0.0213675   0.200855          0          0  0.0982906          0  0.0213675   0.166667   0.517094   0.286325 0.00854701          0          0  0.0470085   0.282051   0.440171   0.196581  0.0213675  0.0128205  0.0299145  0.0512821   0.102564   0.136752   0.299145   0.209402    0.17094   0.393484 -0.0375411    0.26943   0.124054        234  c
  0.390533          0          0   0.426035          0          0   0.183432          0          0   0.177515   0.568047   0.201183  0.0532544          0          0          0   0.153846   0.633136   0.183432  0.0295858          0  0.0710059  0.0414201  0.0532544  0.0710059   0.284024   0.207101   0.272189   0.387722 0.00581967   0.252419   0.135303        169  c
0.0598802         0  0.011976  0.538922         0         0  0.389222         0 0.0658683  0.185629   0.51497  0.233533         0         0         0 0.0179641 0.0958084  0.664671  0.209581  0.011976         0 0.0598802 0.0419162 0.0538922 0.0898204  0.287425  0.221557  0.245509  0.387722 0.0124163  0.242293  0.145429       167  c
0.0613497         0 0.0122699  0.527607         0         0  0.398773         0 0.0736196  0.190184  0.496933  0.239264         0         0         0 0.0184049 0.0981595  0.680982  0.190184 0.0122699         0 0.0552147 0.0429448 0.0552147 0.0981595  0.294479  0.220859  0.233129  0.387722 0.0122344  0.241894  0.145828       163  c
 0.0512821          0  0.0128205   0.570513          0          0   0.365385          0  0.0769231   0.160256   0.615385   0.147436          0          0          0  0.0192308  0.0769231   0.474359   0.423077 0.00641026          0  0.0448718  0.0448718  0.0641026   0.108974   0.262821   0.217949    0.25641   0.387722  0.0035255   0.253111    0.13461        156  c
  0.205128          0          0   0.786325          0          0 0.00854701 0.00854701 0.00854701   0.188034   0.461538   0.333333          0          0          0   0.025641   0.230769   0.512821   0.222222 0.00854701          0 0.00854701   0.017094   0.162393   0.153846   0.128205   0.196581   0.333333   0.387722  -0.045095   0.317766   0.069956        117  c
 0.0701754          0          0   0.780702 0.00877193          0   0.140351          0 0.00877193  0.0877193    0.54386   0.333333          0  0.0263158          0 0.00877193   0.201754   0.508772   0.140351  0.0701754  0.0701754  0.0877193  0.0526316  0.0526316  0.0701754  0.0877193   0.201754   0.447368    0.39201  0.0192006   0.256479   0.135531        114  c
 0.0956522          0          0   0.721739  0.0173913 0.00869565   0.156522          0 0.00869565  0.0521739   0.417391   0.478261          0  0.0434783          0          0   0.182609   0.565217  0.0608696   0.104348  0.0869565  0.0695652  0.0521739  0.0521739  0.0695652   0.104348   0.208696   0.443478    0.39201  0.0119594   0.260006   0.132003        115  c
  0.108108          0          0   0.675676   0.018018 0.00900901   0.189189          0 0.00900901   0.171171   0.279279   0.486486 0.00900901   0.045045          0          0   0.171171   0.567568   0.045045   0.135135  0.0810811  0.0540541   0.045045  0.0540541  0.0810811   0.162162   0.171171   0.432432    0.39201 0.00436548   0.266259   0.125751        111  c
  0.030303   0.010101  0.0707071   0.343434   0.050505   0.050505   0.444444  0.0909091   0.040404   0.363636   0.151515   0.141414   0.151515  0.0606061          0   0.010101   0.181818   0.151515   0.484848   0.161616   0.010101   0.050505  0.0606061   0.161616    0.20202   0.121212   0.242424   0.161616   0.406133 -0.0222504   0.282315   0.123818         99  c
  0.113695          0          0   0.617571          0  0.0129199   0.255814          0          0  0.0981912   0.643411    0.20155  0.0568475          0          0 0.00258398   0.103359   0.576227    0.21447   0.100775 0.00258398  0.0413437  0.0258398  0.0878553   0.284238   0.219638   0.175711   0.165375   0.403368 -0.0303694   0.279535   0.123832        387  c
  0.107612          0          0   0.619423          0  0.0131234   0.259843          0          0  0.0971129   0.656168   0.188976  0.0577428          0          0 0.00262467   0.102362   0.569554   0.212598   0.107612 0.00524934  0.0393701  0.0262467  0.0761155   0.307087   0.223097   0.175853   0.152231   0.403368 -0.0321386   0.280881   0.122487        381  c
  0.105263          0          0   0.618421          0  0.0131579   0.263158          0          0        0.1   0.655263   0.176316  0.0684211          0          0          0   0.105263   0.536842   0.236842   0.115789 0.00526316  0.0342105  0.0263158  0.0736842   0.313158   0.223684   0.171053   0.157895   0.403368 -0.0364299   0.284336   0.119031        380  c
  0.108179          0          0   0.617414          0  0.0105541   0.263852          0          0   0.108179   0.659631   0.168865   0.060686 0.00263852          0          0  0.0949868   0.543536   0.237467   0.118734 0.00527705  0.0369393  0.0211082  0.0870712   0.308707   0.216359   0.171504   0.158311   0.403368 -0.0349775   0.282045   0.121323        379  c
  0.113456          0 0.00263852   0.612137          0  0.0105541   0.261214          0          0   0.118734   0.638522   0.174142  0.0633245 0.00527705          0          0  0.0870712   0.559367   0.234829   0.113456 0.00527705  0.0316623  0.0263852   0.113456   0.279683    0.21372   0.168865   0.166227   0.403368 -0.0300179   0.276295   0.127073        379  c
  0.107239          0 0.00268097   0.739946          0          0   0.150134          0          0   0.080429   0.565684   0.297587  0.0563003          0          0  0.0241287   0.126005   0.506702   0.273458  0.0697051          0  0.0294906  0.0482574   0.104558   0.219839   0.152815   0.158177   0.286863   0.377244 -0.0145983   0.247415   0.129828        373  c
  0.100543          0 0.00271739   0.728261          0          0   0.168478          0          0  0.0815217   0.570652   0.290761  0.0543478 0.00271739          0  0.0244565   0.111413   0.456522   0.328804  0.0788044          0  0.0271739  0.0652174   0.103261   0.214674   0.141304   0.138587   0.309783   0.377244 -0.0202209   0.251228   0.126016        368  c



 0.121951          0          0   0.195122          0  0.0243902   0.658537  0.0243902   0.609756   0.170732  0.0731707          0   0.121951          0          0  0.0243902          0   0.268293   0.585366   0.121951          0   0.121951  0.0731707   0.097561   0.097561   0.268293   0.170732   0.170732   0.421042 -0.0643817   0.374335  0.0467062         41  c
 0.0886076  0.0759494   0.177215   0.392405          0          0   0.265823  0.0379747    0.35443   0.164557   0.189873  0.0379747   0.113924   0.101266  0.0253165   0.113924  0.0379747   0.265823   0.367089   0.126582  0.0632911  0.0886076  0.0759494  0.0632911   0.177215   0.202532   0.151899   0.240506   0.477895 -0.0544257   0.345449   0.132446         79  c
 0.0897436  0.0769231   0.179487   0.397436          0          0    0.25641  0.0384615   0.346154   0.166667   0.217949  0.0128205   0.115385   0.102564   0.025641   0.115385  0.0384615   0.282051   0.294872   0.179487  0.0641026  0.0769231  0.0769231  0.0641026   0.230769   0.179487   0.128205    0.24359   0.477895 -0.0513227   0.341275    0.13662         78  c
 0.549296         0         0   0.34507         0         0  0.105634         0  0.112676  0.140845       0.5  0.126761  0.119718         0         0  0.084507  0.415493  0.274648  0.225352         0         0 0.0633803 0.0492958 0.0492958 0.0985916  0.105634  0.408451  0.225352  0.229605 0.0238491  0.109267  0.120338       142  c
  0.511278          0          0   0.390977          0          0  0.0977444          0  0.0075188   0.345865   0.406015   0.157895  0.0827068          0          0  0.0676692   0.654135   0.203008   0.075188          0          0   0.037594  0.0676692  0.0601504   0.112782   0.165414   0.233083   0.323308   0.229605 0.00662978   0.127675    0.10193        133  c
  0.503937          0          0   0.385827          0          0   0.110236          0 0.00787402   0.362205   0.401575   0.141732  0.0866142          0          0  0.0708661   0.645669    0.19685  0.0866142          0          0   0.023622  0.0708661  0.0629921   0.165354    0.15748   0.125984   0.393701   0.229605 0.00250965   0.132604   0.097001        127  c
  0.244681          0          0   0.510638          0          0   0.244681          0  0.0531915   0.138298   0.606383  0.0851064   0.117021          0          0  0.0851064   0.574468   0.191489    0.12766  0.0212766          0  0.0106383  0.0531915   0.191489   0.212766  0.0957447   0.212766   0.223404   0.229605 -0.0351795   0.177199  0.0524059         94  c
 0.582278         0         0  0.392405 0.0253165         0         0         0         0 0.0506329  0.696203  0.240506 0.0126582         0         0 0.0632911  0.797468 0.0253165 0.0886076 0.0253165         0 0.0759494 0.0886076 0.0759494  0.113924  0.202532  0.202532  0.240506  0.229605 -0.092557  0.229605         0        79  c
  0.571429          0          0   0.402597   0.025974          0          0          0          0  0.0649351   0.675325   0.246753   0.012987          0          0   0.038961   0.831169   0.025974   0.103896          0          0  0.0909091  0.0909091  0.0779221  0.0779221   0.207792   0.207792   0.246753   0.229605 -0.0886631    0.22792  0.0016848         77  c
 0.184783 0.0326087 0.0434783  0.423913 0.0217391  0.076087  0.217391 0.0869565 0.0434783  0.293478      0.25  0.271739 0.0326087 0.0217391         0         0  0.228261 0.0108696   0.51087  0.173913  0.076087 0.0543478 0.0652174 0.0652174  0.119565  0.184783   0.23913  0.271739  0.467035 -0.012245  0.355824  0.111211        92  c
         0          0          0   0.431193          0          0   0.568807          0          0   0.165138   0.449541   0.385321          0          0          0          0   0.100917  0.0275229    0.87156          0          0  0.0550459  0.0183486 0.00917431   0.293578   0.256881   0.183486   0.183486   0.273837    0.10926  0.0558988   0.217938        109  c
0.0186916         0         0  0.420561         0         0  0.560748         0         0   0.17757  0.439252  0.383178         0         0         0         0  0.102804 0.0280374  0.850467 0.0186916         0 0.0373832 0.0373832 0.0280374  0.261682  0.271028  0.186916   0.17757  0.273837    0.1125 0.0526727  0.221164       107  c
 0.0471698          0          0   0.424528          0          0   0.528302          0          0   0.188679   0.433962   0.377358          0          0          0          0   0.122642 0.00943396   0.849057  0.0188679          0  0.0377358  0.0377358  0.0754717   0.198113   0.273585   0.188679   0.188679   0.273837   0.124052  0.0442321   0.229605        106  c
  0.268421          0  0.0315789   0.368421  0.0105263          0   0.321053  0.0421053  0.0684211        0.2   0.421053   0.268421          0          0          0  0.0578947   0.136842   0.384211   0.363158  0.0578947          0  0.0578947  0.0473684  0.0421053   0.121053        0.3   0.221053   0.210526   0.392621 -0.0148121   0.277287   0.115333        190  c
  0.262032          0  0.0320856   0.374332  0.0106952          0   0.320856  0.0427807  0.0641711   0.208556   0.406417   0.278075          0          0          0  0.0588235   0.139037   0.385027   0.363636  0.0534759          0  0.0534759  0.0481283  0.0427807    0.13369   0.272727   0.235294   0.213904   0.392621 -0.0202713    0.28241    0.11021        187  c
  0.276243          0   0.038674   0.370166 0.00552486          0   0.309392  0.0497238  0.0276243   0.232044   0.414365   0.276243          0          0          0  0.0883978   0.138122   0.381215   0.331492  0.0607735          0  0.0441989  0.0497238  0.0552486   0.160221   0.165746   0.309392    0.21547   0.392621 -0.0326389   0.294137  0.0984836        181  c
  0.272222          0  0.0333333   0.372222  0.0111111          0   0.311111  0.0444444  0.0333333   0.238889        0.4   0.283333          0          0          0  0.0833333   0.127778   0.377778   0.333333  0.0777778          0  0.0444444       0.05  0.0611111   0.166667   0.211111       0.25   0.216667   0.392621 -0.0257641   0.287066   0.105555        180  c
  0.392593          0 0.00740741   0.540741  0.0222222 0.00740741  0.0296296  0.0592593          0   0.259259   0.340741   0.274074  0.0666667          0          0   0.103704   0.377778   0.385185   0.133333          0          0  0.0222222  0.0444444  0.0444444   0.118519   0.222222   0.192593   0.355556   0.389017 -0.0956125   0.362905  0.0261118        135  c
  0.410448          0  0.0373134   0.462687  0.0223881          0  0.0671642  0.0746269          0   0.201493   0.485075   0.104478   0.134328          0          0   0.156716    0.30597   0.402985    0.11194  0.0223881          0  0.0223881  0.0447761  0.0746269   0.119403   0.201493   0.201493   0.335821   0.392621 -0.0886869   0.356583  0.0360371        134  c
  0.203593 0.00598802  0.0359281   0.371257   0.011976          0   0.371257  0.0538922 0.00598802   0.281437   0.377246   0.281437          0          0          0   0.101796  0.0479042   0.461078   0.305389  0.0838323          0  0.0299401  0.0419162   0.143713   0.149701   0.281437   0.191617   0.161677   0.392621 -0.0100262   0.269867   0.122753        167  c
  0.123529  0.0176471 0.00588235   0.517647  0.0647059  0.0235294   0.247059          0  0.0235294   0.423529   0.388235        0.1 0.00588235  0.0588235          0   0.105882   0.223529   0.417647   0.176471  0.0470588  0.0294118  0.0176471  0.0470588   0.158824   0.205882   0.288235   0.135294   0.147059   0.392621  0.0136143    0.24801   0.144611        170  c
 0.0501475          0  0.0265487   0.551622          0          0   0.371681          0  0.0265487   0.141593   0.690265   0.138643          0 0.00294985          0  0.0294985   0.132743   0.648968   0.165192  0.0235988          0  0.0324484  0.0265487  0.0265487    0.19764   0.162242    0.20649   0.348083   0.392052 0.00286234   0.265108   0.126945        339  c
  0.223077          0  0.0346154   0.515385  0.0153846          0   0.211538 0.00769231  0.0384615   0.103846   0.673077   0.153846          0  0.0230769 0.00384615  0.0576923   0.146154   0.653846  0.0961538  0.0384615 0.00384615  0.0115385  0.0423077  0.0846154   0.138462   0.261538   0.257692   0.203846   0.392662 -0.0432636   0.308096   0.084566        260  c
 0.0528634 0.00881057 0.00440529   0.418502          0          0   0.515419  0.0440529          0   0.361233   0.387665   0.162996  0.0220264  0.0220264          0 0.00881057   0.264317    0.15859   0.400881    0.15859 0.00881057   0.030837  0.0352423   0.092511   0.132159   0.193833   0.268722   0.246696   0.392621  -0.106026   0.369125  0.0234952        227  c

        0          0          0          1          0          0          0          0          0          0          1          0          0          0          0          0          0          1          0          0          0     0.1875    0.15625      0.125      0.125    0.15625      0.125      0.125  0.0400259 0.00572437  0.0258617  0.0141642         32  c
        0         0         0         1         0         0         0         0         0         0         1         0         0         0         0         0   0.03125   0.96875         0         0         0    0.0625   0.15625    0.1875   0.15625     0.125   0.15625   0.15625  0.119966 0.0341581         0  0.119966        32  c
         0          0          0          1          0          0          0          0          0          0          1          0          0          0          0   0.129032          0   0.870968          0          0          0   0.129032   0.129032   0.129032  0.0967742   0.193548   0.193548   0.129032   0.257794 -0.0677789   0.257794          0         31  c
         0          0          0          1          0          0          0          0          0          0   0.984375   0.015625          0          0          0          0     0.1875     0.8125          0          0          0      0.125   0.078125   0.078125   0.078125      0.125     0.1875   0.328125   0.157803  0.0635279 0.00045684   0.157346         64  c
         0          0          0          1          0          0          0          0          0          0   0.985294  0.0147059          0          0          0  0.0147059   0.191176   0.794118          0          0          0  0.0735294  0.0882353  0.0735294  0.0735294   0.132353   0.161765   0.397059   0.157803  0.0669105 0.00346921   0.154333         68  c
          0           0           0           1           0           0           0           0           0           0           1           0           0           0           0           0   0.0227273    0.977273           0           0           0    0.113636    0.113636    0.113636   0.0909091    0.113636   0.0681818    0.386364    0.157803   -0.069991    0.157142 0.000660747          44  c
         0          0          0          1          0          0          0          0          0          0          1          0          0          0          0          0          0          1          0          0          0   0.142857   0.119048   0.119048  0.0952381   0.119048   0.047619   0.357143   0.157803 -0.0656962   0.155611 0.00219142         42  c
   0.1875         0         0  0.773438         0         0 0.0390625         0 0.0546875   0.09375   0.84375 0.0078125         0         0         0         0  0.359375  0.507812  0.132812         0         0 0.0546875 0.0546875 0.0546875    0.0625  0.101562  0.328125   0.34375  0.274441 0.0446806  0.110649  0.163791       128  c
  0.193548          0          0   0.766129          0          0  0.0403226          0  0.0564516  0.0887097   0.846774 0.00806452          0          0          0          0   0.370968   0.532258  0.0967742          0          0  0.0564516  0.0564516  0.0403226  0.0645161   0.112903   0.241935   0.427419   0.274441  0.0391546   0.120893   0.153547        124  c
         0          0          0          1          0          0          0          0          0          0          1          0          0          0          0   0.015625   0.234375       0.75          0          0          0    0.09375   0.046875    0.09375   0.078125   0.171875    0.28125   0.234375   0.163791 -0.0906103   0.163791          0         64  c
         0          0          0          1          0          0          0          0          0          0          1          0          0          0          0          0   0.234375   0.765625          0          0          0   0.109375   0.046875    0.09375   0.078125   0.140625     0.3125    0.21875   0.163791  -0.084496   0.157299 0.00649217         64  c
 0.385542 0.0481928         0  0.246988         0         0  0.319277         0   0.13253  0.228916   0.26506  0.120482  0.253012         0         0  0.126506  0.283133  0.204819  0.379518 0.0060241         0 0.0662651 0.0421687 0.0481928 0.0481928  0.277108  0.277108  0.240964  0.247119  0.045183 0.0906273  0.156491       166  c
0.0242424         0 0.0484848   0.70303         0         0  0.224242         0         0  0.260606  0.478788  0.260606         0         0         0         0  0.115152   0.50303  0.333333 0.0484848         0 0.0484848 0.0484848 0.0424242 0.0666667  0.315152  0.242424  0.236364  0.247119 0.0556036 0.0817467  0.165372       165  c
  0.256637          0          0   0.743363          0          0          0          0  0.0619469   0.141593   0.637168   0.159292          0          0          0  0.0619469   0.477876   0.079646   0.362832  0.0176991          0  0.0530973  0.0530973  0.0619469   0.079646   0.247788    0.20354   0.300885   0.247119 -0.0608781   0.228004  0.0191145        113  c
  0.166667  0.0166667  0.0166667   0.758333          0          0  0.0416667          0          0   0.416667   0.108333   0.458333  0.0166667          0          0   0.241667       0.35  0.0583333   0.333333  0.0166667          0  0.0666667       0.05       0.05  0.0666667   0.133333   0.191667   0.441667   0.263732 -0.0700281   0.247119  0.0166129        120  c
         0  0.0504202  0.0756303   0.546219   0.159664  0.0756303   0.092437          0   0.184874    0.10084   0.176471   0.193277   0.344538          0 0.00840336   0.243697  0.0252101   0.260504   0.252101   0.210084          0  0.0756303  0.0504202  0.0504202  0.0672269   0.134454   0.184874   0.436975   0.259027 -0.0661475   0.243865  0.0151614        119  c
     0.02         0         0     0.615         0         0     0.365         0         0      0.17     0.735     0.095         0         0         0         0         0      0.84      0.16         0         0      0.05     0.035      0.04     0.065      0.29      0.31      0.21  0.202049 0.0196522  0.073765  0.128284       200  c
0.0408163         0         0  0.602041         0         0  0.357143         0         0  0.260204  0.576531  0.163265         0         0         0         0 0.0357143  0.520408  0.443878         0         0 0.0357143 0.0459184 0.0357143 0.0969388   0.27551   0.30102  0.209184  0.202049 0.0121608 0.0821642  0.119885       196  c
  0.0846561           0           0    0.582011           0           0    0.333333           0           0    0.153439    0.740741     0.10582           0           0           0           0  0.00529101    0.878307    0.116402           0           0    0.015873    0.047619    0.047619    0.126984    0.169312    0.333333    0.259259    0.202049 -0.00489263    0.100348    0.101702         189  c
 0.0191388          0          0   0.636364          0          0   0.344498          0          0  0.0813397   0.827751  0.0909091          0          0          0          0 0.00956938   0.827751   0.162679          0          0   0.062201  0.0430622  0.0334928  0.0478469   0.291866   0.287081    0.23445   0.202049  0.0207905  0.0701222   0.131927        209  c
 0.0144231          0          0   0.634615          0          0   0.350962          0          0  0.0817308   0.836538  0.0817308          0          0          0          0 0.00961538   0.793269   0.197115          0          0  0.0576923  0.0432692  0.0336538  0.0961538       0.25   0.288462   0.230769   0.202049  0.0259396  0.0656581   0.136391        208  c
     0.02         0         0     0.615         0         0     0.365         0         0      0.17     0.735     0.095         0         0         0         0         0      0.84      0.16         0         0      0.05     0.035      0.04     0.065      0.29      0.31      0.21  0.202049 0.0196522  0.073765  0.128284       200  c
0.0408163         0         0  0.602041         0         0  0.357143         0         0  0.260204  0.576531  0.163265         0         0         0         0 0.0357143  0.520408  0.443878         0         0 0.0357143 0.0459184 0.0357143 0.0969388   0.27551   0.30102  0.209184  0.202049 0.0121608 0.0821642  0.119885       196  c
  0.0846561           0           0    0.582011           0           0    0.333333           0           0    0.153439    0.740741     0.10582           0           0           0           0  0.00529101    0.878307    0.116402           0           0    0.015873    0.047619    0.047619    0.126984    0.169312    0.333333    0.259259    0.202049 -0.00489263    0.100348    0.101702         189  c
  0.360294          0  0.0514706   0.580882          0          0 0.00735294          0          0   0.272059   0.522059   0.102941   0.102941          0          0          0   0.382353   0.235294   0.330882  0.0514706          0  0.0735294  0.0514706  0.0514706  0.0808824   0.183824   0.345588   0.213235   0.247119 -0.0601824   0.219806  0.0273126        136  c
         0          0          0   0.415873          0          0   0.584127          0          0          0          1          0          0          0          0          0  0.0253968        0.2   0.774603          0          0  0.0380952  0.0349206   0.136508  0.0888889    0.11746   0.352381   0.231746   0.178598   0.075014 0.00115384   0.177444        315  c
        0         0         0  0.422951         0         0  0.577049         0         0         0         1         0         0         0         0         0  0.052459  0.278689  0.668852         0         0 0.0491803 0.0262295  0.118033  0.101639  0.131148  0.337705  0.236066  0.178598 0.0600921 0.0175729  0.161025       305  c
        0         0         0  0.427152         0         0  0.572848         0         0         0         1         0         0         0         0         0 0.0596026  0.258278  0.682119         0         0 0.0430464 0.0298013  0.125828 0.0993377  0.122517  0.347682  0.231788  0.178598 0.0613751 0.0167742  0.161824       302  c
        0         0         0  0.432886         0         0  0.567114         0         0         0  0.979866 0.0201342         0         0         0         0 0.0704698  0.261745  0.667785         0         0 0.0369128 0.0369128  0.104027  0.114094   0.14094  0.325503  0.241611  0.178598  0.055565 0.0232232  0.155375       298  c
        0         0         0  0.438776         0         0  0.561224         0         0 0.0102041  0.972789 0.0170068         0         0         0         0 0.0884354  0.248299  0.663265         0         0 0.0272109 0.0442177  0.105442  0.115646  0.146259  0.312925  0.248299  0.178598 0.0555604 0.0237917  0.154806       294  c
        0         0         0  0.447917         0         0  0.552083         0         0 0.0347222  0.954861 0.0104167         0         0         0         0  0.104167  0.215278  0.680556         0         0 0.0243056 0.0416667  0.118056  0.107639   0.15625  0.329861  0.222222  0.178598 0.0593828 0.0209519  0.157646       288  c
         0          0          0   0.451049          0          0   0.548951          0          0  0.0594406   0.937063  0.0034965          0          0          0          0   0.111888   0.185315   0.695804 0.00699301          0  0.0244755   0.041958   0.122378   0.104895   0.164336   0.328671   0.213287   0.178598  0.0633973  0.0172508   0.161347        286  c
        0         0         0  0.377622         0         0  0.622378         0         0         0  0.944056 0.0559441         0         0         0         0 0.0629371  0.426573   0.51049         0         0 0.0384615 0.0314685  0.125874   0.22028  0.195804  0.181818  0.206294  0.178598 0.0378881 0.0436529  0.134945       286  c
0.0174825         0         0  0.377622         0         0  0.604895         0         0 0.0174825  0.916084 0.0664336         0         0         0         0  0.041958  0.538462   0.41958         0         0 0.0244755 0.0384615 0.0734266  0.293706  0.181818  0.164336  0.223776  0.178598 0.0241695 0.0593071  0.119291       286  c
0.0569395         0         0  0.380783         0         0  0.562278         0         0 0.0391459  0.846975  0.113879         0         0         0         0 0.0391459  0.590747  0.370107         0         0 0.0142349 0.0462633 0.0996441  0.266904  0.192171  0.181495  0.199288  0.178598 0.0158747 0.0684279   0.11017       281  c
  0.570281          0          0   0.421687          0          0 0.00803213          0          0  0.0963855   0.839357   0.064257          0          0          0          0    0.35743   0.497992   0.140562 0.00401606          0  0.0160643  0.0481928   0.104418    0.15261    0.24498   0.261044   0.172691   0.178598  -0.053641   0.141733   0.036865        249  c
   0.545045           0           0    0.454955           0           0           0           0           0    0.117117    0.810811   0.0720721           0           0           0           0    0.554054    0.247748    0.193694   0.0045045           0   0.0405405   0.0405405   0.0720721    0.247748    0.162162    0.171171    0.265766    0.178598  -0.0859695    0.177816 0.000782043         222  c
   0.545045           0           0    0.454955           0           0           0           0           0    0.130631    0.797297   0.0720721           0           0           0           0    0.563063    0.243243    0.193694           0           0    0.045045   0.0405405   0.0675676    0.234234    0.162162    0.171171    0.279279    0.178598  -0.0851051    0.177669 0.000928864         222  c
  0.542986          0          0   0.457014          0          0          0          0          0   0.135747   0.791855  0.0723982          0          0          0          0   0.552036   0.271493   0.176471          0          0  0.0497738  0.0361991  0.0723982   0.235294   0.162896   0.167421   0.276018   0.178598 -0.0815296   0.174592 0.00400572        221  c
        0         0         0  0.444976         0         0  0.555024         0         0         0  0.866029  0.133971         0         0         0         0 0.0382775  0.521531  0.440191         0         0 0.0526316 0.0526316 0.0526316  0.186603  0.162679  0.258373   0.23445  0.178598 0.0406199 0.0420444  0.136554       209  c
        0         0         0  0.449275         0         0  0.550725         0         0         0  0.874396  0.125604         0         0         0         0 0.0241546  0.671498  0.304348         0         0 0.0483092 0.0483092 0.0676328  0.188406  0.169082  0.294686  0.183575  0.178598  0.031004 0.0519561  0.126642       207  c
        0         0         0  0.455882         0         0  0.544118         0         0         0  0.872549  0.127451         0         0         0         0 0.0392157  0.745098  0.215686         0         0 0.0392157 0.0539216 0.0882353  0.181373  0.161765  0.303922  0.171569  0.178598 0.0268925 0.0565239  0.122074       204  c
   0.19802          0          0   0.470297          0          0   0.331683          0          0 0.00495049    0.89604  0.0990099          0          0          0          0          0   0.811881   0.188119          0          0  0.0148515  0.0643564   0.118812   0.173267   0.178218   0.306931   0.143564   0.178598 0.00459749  0.0792673  0.0993307        202  c
  0.512563          0          0   0.487437          0          0          0          0          0  0.0753769   0.819095   0.105528          0          0          0          0   0.653266   0.140704    0.20603          0          0  0.0502513  0.0452261   0.080402   0.296482   0.130653   0.170854   0.226131   0.178598 -0.0756356   0.169956 0.00864211        199  c
  0.505208          0          0   0.494792          0          0          0          0          0  0.0729167   0.796875   0.130208          0          0          0          0   0.598958   0.192708   0.208333          0          0     0.0625   0.046875  0.0729167   0.296875   0.130208   0.161458   0.229167   0.178598 -0.0718747   0.166616   0.011982        192  c


         0          0          0          1          0          0          0          0          0          0   0.984848  0.0151515          0          0          0          0   0.181818   0.818182          0          0          0  0.0909091  0.0909091  0.0757576  0.0757576   0.121212   0.166667   0.378788   0.157803  0.0602673 0.00748411   0.150319         66  c
         0          0          0          1          0          0          0          0          0          0   0.985294  0.0147059          0          0          0  0.0147059   0.191176   0.794118          0          0          0  0.0735294  0.0882353  0.0735294  0.0735294   0.132353   0.161765   0.397059   0.157803  0.0669105 0.00346921   0.154333         68  c
          0           0           0           1           0           0           0           0           0           0           1           0           0           0           0           0   0.0227273    0.977273           0           0           0    0.113636    0.113636    0.113636   0.0909091    0.113636   0.0681818    0.386364    0.157803   -0.069991    0.157142 0.000660747          44  c
         0          0          0          1          0          0          0          0          0          0          1          0          0          0          0          0          0          1          0          0          0   0.142857   0.119048   0.119048  0.0952381   0.119048   0.047619   0.357143   0.157803 -0.0656962   0.155611 0.00219142         42  c
  0.193548          0          0   0.766129          0          0  0.0403226          0  0.0564516  0.0887097   0.846774 0.00806452          0          0          0          0   0.370968   0.532258  0.0967742          0          0  0.0564516  0.0564516  0.0403226  0.0645161   0.112903   0.241935   0.427419   0.274441  0.0391546   0.120893   0.153547        124  c
  0.115385          0          0   0.855769          0          0  0.0288462          0  0.0673077 0.00961538   0.923077          0          0          0          0  0.0384615   0.144231   0.653846   0.163462          0          0  0.0192308  0.0865385  0.0576923  0.0673077   0.221154   0.201923   0.346154   0.274441  0.0287692   0.145694   0.128747        104  c
        0         0         0         1         0         0         0         0 0.0246914 0.0617284   0.91358         0         0         0         0 0.0740741  0.185185  0.728395 0.0123457         0         0 0.0123457 0.0864198 0.0493827 0.0987654  0.246914  0.234568  0.271605  0.163791 -0.047553  0.120097 0.0436944        81  c
         0          0          0          1          0          0          0          0          0          0          1          0          0          0          0   0.015625   0.234375       0.75          0          0          0    0.09375   0.046875    0.09375   0.078125   0.171875    0.28125   0.234375   0.163791 -0.0906103   0.163791          0         64  c
         0          0          0          1          0          0          0          0          0          0          1          0          0          0          0          0   0.234375   0.765625          0          0          0   0.109375   0.046875    0.09375   0.078125   0.140625     0.3125    0.21875   0.163791  -0.084496   0.157299 0.00649217         64  c
         0          0          0   0.760331          0          0   0.239669          0  0.0578512    0.22314   0.512397   0.206612          0          0          0  0.0165289    0.22314 0.00826446   0.661157  0.0909091          0  0.0165289          0   0.123967   0.198347   0.214876   0.198347   0.247934   0.247119   0.143204 0.00578333   0.241335        121  c
         0          0 0.00826446   0.752066          0          0   0.239669          0  0.0578512    0.22314   0.504132   0.214876          0          0          0  0.0247934   0.231405 0.00826446   0.578512   0.157025          0  0.0165289          0   0.140496   0.165289   0.206612   0.206612   0.264463   0.247119   0.150202          0   0.247119        121  c
0.0242424         0 0.0484848   0.70303         0         0  0.224242         0         0  0.260606  0.478788  0.260606         0         0         0         0  0.115152   0.50303  0.333333 0.0484848         0 0.0484848 0.0484848 0.0424242 0.0666667  0.315152  0.242424  0.236364  0.247119 0.0556036 0.0817467  0.165372       165  c
0.0180723         0 0.0481928  0.698795         0         0   0.23494         0         0  0.271084  0.475904  0.253012         0         0         0         0  0.120482  0.457831  0.379518 0.0421687         0 0.0421687 0.0481928 0.0421687 0.0722892  0.313253  0.253012  0.228916  0.247119 0.0582136 0.0803826  0.166736       166  c
  0.423313          0          0   0.263804          0          0   0.312883          0 0.00613497   0.386503   0.263804   0.337423 0.00613497          0          0          0   0.349693   0.478528   0.128834  0.0429448          0  0.0429448  0.0429448  0.0552147  0.0674847   0.263804   0.294479   0.233129   0.247119  0.0402484   0.101952   0.145166        163  c
  0.256637          0          0   0.743363          0          0          0          0  0.0619469   0.141593   0.637168   0.159292          0          0          0  0.0619469   0.477876   0.079646   0.362832  0.0176991          0  0.0530973  0.0530973  0.0619469   0.079646   0.247788    0.20354   0.300885   0.247119 -0.0608781   0.228004  0.0191145        113  c
  0.166667  0.0166667  0.0166667   0.758333          0          0  0.0416667          0          0   0.416667   0.108333   0.458333  0.0166667          0          0   0.241667       0.35  0.0583333   0.333333  0.0166667          0  0.0666667       0.05       0.05  0.0666667   0.133333   0.191667   0.441667   0.263732 -0.0700281   0.247119  0.0166129        120  c
         0  0.0504202  0.0756303   0.546219   0.159664  0.0756303   0.092437          0   0.184874    0.10084   0.176471   0.193277   0.344538          0 0.00840336   0.243697  0.0252101   0.260504   0.252101   0.210084          0  0.0756303  0.0504202  0.0504202  0.0672269   0.134454   0.184874   0.436975   0.259027 -0.0661475   0.243865  0.0151614        119  c
     0.02         0         0     0.615         0         0     0.365         0         0      0.17     0.735     0.095         0         0         0         0         0      0.84      0.16         0         0      0.05     0.035      0.04     0.065      0.29      0.31      0.21  0.202049 0.0196522  0.073765  0.128284       200  c
0.0408163         0         0  0.602041         0         0  0.357143         0         0  0.260204  0.576531  0.163265         0         0         0         0 0.0357143  0.520408  0.443878         0         0 0.0357143 0.0459184 0.0357143 0.0969388   0.27551   0.30102  0.209184  0.202049 0.0121608 0.0821642  0.119885       196  c
  0.0846561           0           0    0.582011           0           0    0.333333           0           0    0.153439    0.740741     0.10582           0           0           0           0  0.00529101    0.878307    0.116402           0           0    0.015873    0.047619    0.047619    0.126984    0.169312    0.333333    0.259259    0.202049 -0.00489263    0.100348    0.101702         189  c
  0.365517          0  0.0482759   0.586207          0          0          0          0          0   0.317241   0.510345   0.158621  0.0137931          0          0          0   0.317241   0.303448   0.331034  0.0482759          0  0.0413793  0.0551724  0.0551724   0.131034   0.172414   0.331034   0.213793   0.247119 -0.0517183   0.207463  0.0396554        145  c
 0.347826         0 0.0507246  0.586957         0         0 0.0144928         0         0  0.391304  0.413043  0.181159 0.0144928         0         0         0  0.391304  0.195652  0.362319 0.0507246         0  0.057971 0.0507246 0.0507246 0.0942029  0.195652  0.355072  0.195652  0.247119 -0.062782  0.220575 0.0265439       138  c
  0.350365          0  0.0510949   0.583942          0          0  0.0145985          0          0   0.386861    0.40146   0.175182  0.0364963          0          0          0   0.379562   0.226277   0.343066  0.0510949          0  0.0656934  0.0510949  0.0510949  0.0875912   0.182482   0.350365   0.211679   0.247119 -0.0602933   0.218974  0.0281451        137  c
         0          0          0   0.451049          0          0   0.548951          0          0  0.0594406   0.937063  0.0034965          0          0          0          0   0.111888   0.185315   0.695804 0.00699301          0  0.0244755   0.041958   0.122378   0.104895   0.164336   0.328671   0.213287   0.178598  0.0633973  0.0172508   0.161347        286  c
  0.039823          0          0        0.5          0          0   0.460177          0          0   0.137168   0.800885  0.0619469          0          0          0          0  0.0619469   0.513274   0.424779          0          0 0.00442478  0.0221239   0.159292   0.132743   0.190265   0.207965   0.283186   0.190807  0.0187944  0.0827254   0.108082        226  c
  0.449704          0          0   0.550296          0          0          0          0          0   0.177515   0.710059   0.112426          0          0          0          0   0.378698   0.390533   0.230769          0          0  0.0473373  0.0414201  0.0532544  0.0591716   0.295858   0.284024   0.218935   0.202049 -0.0576336   0.172205  0.0298447        169  c
  0.439759          0          0   0.560241          0          0          0          0          0   0.156627   0.783133   0.060241          0          0          0          0   0.337349   0.433735   0.228916          0          0  0.0542169  0.0421687  0.0481928   0.060241   0.271084   0.307229   0.216867   0.202049 -0.0574005   0.173028  0.0290211        166  c
0.0174825         0         0  0.377622         0         0  0.604895         0         0 0.0174825  0.916084 0.0664336         0         0         0         0  0.041958  0.538462   0.41958         0         0 0.0244755 0.0384615 0.0734266  0.293706  0.181818  0.164336  0.223776  0.178598 0.0241695 0.0593071  0.119291       286  c
0.0569395         0         0  0.380783         0         0  0.562278         0         0 0.0391459  0.846975  0.113879         0         0         0         0 0.0391459  0.590747  0.370107         0         0 0.0142349 0.0462633 0.0996441  0.266904  0.192171  0.181495  0.199288  0.178598 0.0158747 0.0684279   0.11017       281  c
  0.570281          0          0   0.421687          0          0 0.00803213          0          0  0.0963855   0.839357   0.064257          0          0          0          0    0.35743   0.497992   0.140562 0.00401606          0  0.0160643  0.0481928   0.104418    0.15261    0.24498   0.261044   0.172691   0.178598  -0.053641   0.141733   0.036865        249  c
   0.545045           0           0    0.454955           0           0           0           0           0    0.117117    0.810811   0.0720721           0           0           0           0    0.554054    0.247748    0.193694   0.0045045           0   0.0405405   0.0405405   0.0720721    0.247748    0.162162    0.171171    0.265766    0.178598  -0.0859695    0.177816 0.000782043         222  c
   0.545045           0           0    0.454955           0           0           0           0           0    0.130631    0.797297   0.0720721           0           0           0           0    0.563063    0.243243    0.193694           0           0    0.045045   0.0405405   0.0675676    0.234234    0.162162    0.171171    0.279279    0.178598  -0.0851051    0.177669 0.000928864         222  c
        0         0         0  0.455882         0         0  0.544118         0         0         0  0.872549  0.127451         0         0         0         0 0.0392157  0.745098  0.215686         0         0 0.0392157 0.0539216 0.0882353  0.181373  0.161765  0.303922  0.171569  0.178598 0.0268925 0.0565239  0.122074       204  c
   0.19802          0          0   0.470297          0          0   0.331683          0          0 0.00495049    0.89604  0.0990099          0          0          0          0          0   0.811881   0.188119          0          0  0.0148515  0.0643564   0.118812   0.173267   0.178218   0.306931   0.143564   0.178598 0.00459749  0.0792673  0.0993307        202  c
  0.515152          0          0   0.484848          0          0          0          0          0  0.0454545   0.818182   0.136364          0          0          0          0   0.489899   0.308081    0.20202          0          0   0.040404  0.0555556  0.0757576   0.343434   0.126263   0.171717   0.186869   0.178598 -0.0637385     0.1542  0.0243977        198  c
  0.512563          0          0   0.487437          0          0          0          0          0  0.0753769   0.819095   0.105528          0          0          0          0   0.653266   0.140704    0.20603          0          0  0.0502513  0.0452261   0.080402   0.296482   0.130653   0.170854   0.226131   0.178598 -0.0756356   0.169956 0.00864211        199  c
  0.515306          0          0   0.484694          0          0          0          0          0  0.0714286   0.811224   0.117347          0          0          0          0   0.607143   0.188776   0.204082          0          0  0.0561224  0.0459184  0.0765306   0.306122   0.117347   0.158163   0.239796   0.178598 -0.0738589   0.168289   0.010309        196  c


        0         0         0  0.679487         0         0  0.320513  0.025641  0.141026  0.153846  0.679487         0         0         0         0         0         0  0.525641  0.179487  0.294872         0  0.102564 0.0769231 0.0641026 0.0769231 0.0769231  0.346154   0.25641  0.222988 0.0451473 0.0993881    0.1236        78  c
        0         0         0  0.623529         0         0  0.376471 0.0470588  0.117647  0.164706  0.670588         0         0         0         0         0 0.0705882  0.470588  0.164706  0.294118         0 0.0941176 0.0588235 0.0588235 0.0705882  0.141176  0.270588  0.305882  0.222988 0.0354078  0.103329  0.119659        85  c
0.0454545         0         0  0.579545         0         0     0.375 0.0681818  0.113636  0.159091  0.636364 0.0227273         0         0         0         0  0.193182  0.431818 0.0568182  0.318182         0 0.0681818 0.0568182 0.0568182 0.0681818  0.193182      0.25  0.306818  0.222988  0.024335  0.112234  0.110754        88  c
0.0786517         0         0  0.561798         0         0  0.359551 0.0898876   0.11236  0.146067  0.629214 0.0224719         0         0         0         0  0.224719   0.41573 0.0224719  0.337079         0 0.0337079 0.0786517 0.0561798 0.0674157  0.235955  0.235955  0.292135  0.222988 0.0205236  0.117487  0.105501        89  c
         0          0          0   0.641975  0.0123457          0   0.345679  0.0493827   0.209877   0.259259   0.160494   0.197531   0.123457          0          0          0  0.0246914   0.135802   0.666667    0.17284          0  0.0617284  0.0617284  0.0617284   0.222222   0.160494   0.222222   0.209877   0.371831 -0.0917961   0.364827 0.00700346         81  c
        0         0         0  0.691358         0         0  0.308642  0.037037 0.0493827  0.382716  0.197531  0.271605 0.0617284         0         0         0 0.0987654  0.419753  0.209877  0.271605         0 0.0740741 0.0617284  0.135802  0.135802  0.160494  0.234568  0.197531  0.371831 -0.100079  0.371831         0        81  c
         0          0          0      0.675          0          0      0.325     0.0375       0.05      0.375     0.1875      0.275      0.075          0          0          0        0.1      0.425        0.2      0.275          0     0.0875     0.0625       0.15      0.125     0.1375       0.25     0.1875   0.371831 -0.0941866   0.369773 0.00205734         80  c
  0.862319          0          0  0.0724638          0          0  0.0652174          0   0.195652   0.224638   0.173913   0.384058  0.0217391          0          0          0   0.637681   0.282609  0.0797101          0          0  0.0507246  0.0724638  0.0434783  0.0434783   0.130435    0.42029    0.23913   0.138199  0.0424464 0.00346694   0.134732        138  c
 0.890511         0         0 0.0437956         0         0 0.0656934         0  0.255474  0.167883  0.160584  0.379562 0.0364963         0         0         0  0.635036  0.270073 0.0948905         0         0 0.0656934 0.0510949 0.0437956 0.0437956  0.167883  0.379562  0.248175  0.138199 0.0384277 0.0106139  0.127586       137  c
0.0230769         0         0  0.976923         0         0         0         0         0  0.215385  0.407692  0.376923         0         0         0         0  0.353846  0.630769 0.0153846         0         0 0.0461538 0.0615385 0.0461538 0.0769231  0.184615  0.169231  0.415385  0.138199 0.0227088 0.0300818  0.108118       130  c
 0.023622         0         0  0.976378         0         0         0         0         0  0.259843  0.314961  0.425197         0         0         0         0  0.338583  0.645669  0.015748         0         0 0.0314961 0.0708661 0.0472441  0.102362   0.19685  0.165354  0.385827  0.138199 0.0227557 0.0330582  0.105141       127  c
    0.024         0         0     0.976         0         0         0         0         0     0.272      0.32     0.408         0         0         0         0     0.328     0.656     0.016         0         0     0.024     0.064     0.048     0.128     0.184     0.184     0.368  0.138199 0.0208807 0.0370435  0.101156       125  c
  0.0337079           0           0    0.966292           0           0           0           0           0   0.0337079    0.932584   0.0337079           0           0           0           0    0.202247    0.730337   0.0674157           0           0   0.0674157   0.0674157   0.0561798    0.101124    0.179775    0.258427    0.269663    0.134732  -0.0687197    0.134008 0.000724673          89  c
0.0340909         0         0  0.965909         0         0         0         0         0 0.0340909  0.931818 0.0340909         0         0         0         0  0.170455  0.727273  0.102273         0         0 0.0795455 0.0681818 0.0568182  0.102273  0.170455  0.238636  0.284091  0.134732 -0.067101  0.134732         0        88  c
 0.0340909          0          0   0.965909          0          0          0          0          0  0.0340909   0.931818  0.0340909          0          0          0          0   0.181818   0.738636  0.0795455          0          0  0.0909091  0.0681818  0.0568182   0.102273   0.159091   0.227273   0.295455   0.134732 -0.0643491   0.133456 0.00127676         88  c
        0         0         0  0.763736         0         0  0.236264         0         0  0.214286   0.60989  0.175824         0         0         0         0  0.032967  0.840659  0.126374         0         0 0.0494506  0.032967 0.0384615  0.126374   0.17033  0.324176  0.258242  0.130617 0.0221616 0.0244953  0.106121       182  c
        0         0         0  0.765027         0         0  0.234973         0         0  0.224044  0.601093  0.174863         0         0         0         0 0.0491803  0.825137  0.125683         0         0 0.0382514 0.0382514 0.0382514  0.136612  0.174863  0.300546  0.273224  0.130617 0.0220385 0.0256059  0.105011       183  c
         0          0          0   0.808989          0          0   0.191011          0          0   0.241573   0.573034   0.185393          0          0          0          0  0.0168539   0.865169   0.117978          0          0  0.0280899  0.0337079  0.0842697   0.123596   0.134831   0.320225   0.275281   0.130617 0.00815022  0.0415828  0.0890339        178  c
 0.0628931          0          0   0.937107          0          0          0          0          0   0.377358   0.433962   0.188679          0          0          0          0   0.226415   0.396226   0.377358          0          0  0.0440252  0.0377358  0.0440252   0.100629   0.157233   0.213836   0.402516   0.138199 -0.0424851   0.110684  0.0275155        159  c
0.0617284         0         0  0.938272         0         0         0         0         0  0.364198  0.462963   0.17284         0         0         0         0  0.290123  0.320988  0.388889         0         0 0.0493827  0.037037 0.0493827 0.0740741  0.141975  0.222222  0.425926  0.138199 -0.050223  0.120242 0.0179572       162  c
 0.0185185          0          0   0.932099          0          0  0.0493827          0          0  0.0308642   0.802469   0.166667          0          0          0          0  0.0432099   0.598765   0.358025          0          0  0.0555556   0.037037  0.0493827  0.0740741   0.141975   0.216049   0.425926   0.138199 -0.0469378   0.117783  0.0204166        162  c
 0.0182927          0          0   0.926829          0          0   0.054878          0          0  0.0914634   0.890244  0.0182927          0          0          0          0       0.25    0.47561    0.27439          0          0  0.0609756  0.0365854  0.0487805  0.0731707   0.134146   0.207317   0.439024   0.138199 -0.0444928   0.115886  0.0223138        164  c
        0         0         0  0.515982         0         0  0.484018         0         0 0.0593607  0.940639         0         0         0         0         0 0.0639269  0.630137  0.305936         0         0 0.0319635 0.0365297 0.0593607   0.13242  0.278539  0.246575  0.214612  0.130934 0.0193998 0.0297813  0.101153       219  c
   0.163866           0           0    0.592437           0           0    0.243697           0           0    0.138655    0.827731   0.0336134           0           0           0           0   0.0168067    0.735294    0.247899           0           0  0.00420168   0.0588235   0.0756303     0.10084    0.155462    0.273109    0.331933    0.141474 -0.00467725   0.0650061   0.0764681         238  c
   0.27451          0          0    0.72549          0          0          0          0          0   0.235294   0.666667  0.0980392          0          0          0          0   0.348039   0.220588   0.431373          0          0  0.0392157  0.0392157  0.0392157   0.107843   0.259804   0.269608   0.245098   0.134129 -0.0551935   0.123588  0.0105405        204  c
        0         0         0       0.5         0         0       0.5         0         0 0.0294118  0.902941 0.0676471         0         0         0         0 0.0588235  0.732353  0.208824         0         0 0.0294118 0.0264706 0.0352941  0.197059  0.164706  0.152941  0.394118  0.153708 0.0254219 0.0352996  0.118408       340  c
        0         0         0  0.501475         0         0  0.498525         0         0 0.0412979  0.917404 0.0412979         0         0         0         0 0.0648968  0.654867  0.280236         0         0 0.0265487 0.0235988 0.0442478   0.19174  0.171091  0.138643   0.40413  0.153708 0.0260615 0.0360344  0.117673       339  c
0.00923077          0          0   0.492308          0          0   0.498462          0          0  0.0461538   0.852308   0.101538          0          0          0          0  0.0523077   0.836923   0.110769          0          0  0.0184615  0.0246154  0.0707692  0.0984615   0.255385   0.141538   0.390769   0.151069  0.0112801  0.0533054  0.0977639        325  c
  0.564576          0          0   0.435424          0          0          0          0          0  0.0516605   0.915129  0.0332103          0          0          0          0   0.398524   0.450184   0.151292          0          0  0.0295203  0.0295203  0.0479705   0.121771   0.265683   0.188192   0.317343   0.151069 -0.0576159    0.13451  0.0165595        271  c
 0.561798         0         0  0.438202         0         0         0         0         0 0.0524345  0.913858 0.0337079         0         0         0         0  0.400749  0.449438  0.149813         0         0 0.0337079 0.0299625 0.0411985  0.127341  0.277154  0.187266  0.303371  0.151069  -0.05673  0.134566 0.0165028       267  c
        0         0         0  0.455975         0         0  0.544025         0         0         0         1         0         0         0         0         0  0.106918  0.572327  0.320755         0         0 0.0377358 0.0314465  0.072327  0.226415  0.194969  0.169811  0.267296  0.223715 0.0370712 0.0996647   0.12405       318  c
         0          0          0   0.455975          0          0   0.544025          0          0 0.00314465   0.996855          0          0          0          0          0   0.110063   0.540881   0.349057          0          0  0.0314465  0.0314465  0.0754717   0.232704   0.191824   0.172956   0.264151   0.223715   0.038065  0.0991318   0.124583        318  c
        0         0         0  0.453125         0         0  0.546875         0         0   0.00625   0.99375         0         0         0         0         0   0.10625   0.56875     0.325         0         0  0.028125   0.03125     0.075   0.23125  0.190625  0.196875  0.246875  0.223715 0.0334554  0.105208  0.118507       320  c
        0         0         0  0.447531         0         0  0.552469         0         0  0.037037  0.962963         0         0         0         0         0  0.104938  0.679012  0.216049         0         0 0.0154321  0.037037 0.0740741  0.212963  0.194444  0.262346  0.203704  0.223715  0.019877  0.120747  0.102968       324  c
  0.519481          0          0   0.480519          0          0          0          0          0  0.0324675   0.967532          0          0          0          0          0   0.373377   0.496753    0.12987          0          0  0.0292208   0.025974  0.0519481   0.230519   0.172078    0.25974   0.230519   0.184869 -0.0587395    0.16791  0.0169593        308  c
  0.523333          0          0   0.476667          0          0          0          0          0  0.0333333   0.966667          0          0          0          0          0   0.496667   0.336667   0.166667          0          0  0.0333333  0.0266667  0.0466667       0.24   0.173333   0.226667   0.253333   0.184869  -0.068274   0.178969 0.00590046        300  c
