0.2230062634 0.1888667941 0.1919075102 0.0331849009 0.0739028975 0.0150743006 -0.1047008857  1
0.2230062634 0.1888667941 0.1919075102 0.0331849009 0.0739028975 0.0150743006 -0.1047008857  1
0.1623409092 0.2391357273 0.2206894755 0.0359863825 0.1330084056 0.0247182213 -0.1618883610  1
0.3851917088 0.4963363111 0.4318469465 0.0587546974 0.1908001453 0.0334639251 -0.1102773175  1
0.0361687243 0.2071915120 0.2575349808 0.0068870094 0.0801680237 0.0196554810 -0.1047559306  1
0.3851917088 0.4963363111 0.4318469465 0.0587546974 0.1908001453 0.0334639251 -0.1102773175  1
0.0361687243 0.2071915120 0.2575349808 0.0068870094 0.0801680237 0.0196554810 -0.1047559306  1
0.0741811842 0.2667699456 0.3086291254 0.0118084652 0.0969525203 0.0222741775 -0.0990473032  1
-0.0101085082 -0.0129247392 -0.0077395225 -0.0006348369 -0.0004507731 0.0006524809 -0.2071345896  1
0.3760746121 0.4994145632 0.4351511896 0.0602743663 0.2015238255 0.0353973992 -0.1156321391  1
0.2786061466 0.3298105896 0.2733682692 0.0735254288 0.2196173966 0.0367327332 -0.2029890716  1
0.4046123326 0.4994379282 0.4248842895 0.0707261860 0.2202092260 0.0377901718 -0.1271575838  1
0.3640560806 0.4515843689 0.3816506565 0.0721582919 0.2256454825 0.0384716392 -0.1449888647  1
0.0638098717 0.1274667233 0.1758264452 0.0114666801 0.0556019470 0.0149089564 -0.1157341003  1
0.1197920293 0.2608081102 0.2860005796 0.0210985653 0.1125954092 0.0246421937 -0.1227194741  1
0.2978520989 0.3977099359 0.3490117490 0.0580852330 0.1951566935 0.0344903506 -0.1451357305  1
0.2062652111 0.2628408074 0.2290615886 0.0558299273 0.1792046577 0.0314630121 -0.2091774344  1
0.1342844069 0.1895758957 0.2159923166 0.0249418002 0.0888510719 0.0201391689 -0.1318367720  1
0.0789080188 0.2350335419 0.2659034133 0.0162983611 0.1150480360 0.0258949101 -0.1403923482  1
0.2768470645 0.3619541526 0.3284202218 0.0571111515 0.1880233586 0.0343057252 -0.1539929360  1
0.1905672401 0.2405224293 0.2081697732 0.0550517105 0.1752113551 0.0305786990 -0.2256573290  1
0.1418062747 0.2701660693 0.2681528330 0.0272220876 0.1285590529 0.0256160386 -0.1370927840  1
0.3030152619 0.3960118890 0.3389954567 0.0644615889 0.2119437307 0.0365620963 -0.1598884165  1
0.1793085635 0.2320045233 0.1300065219 0.0536028855 0.1747268140 0.0202647429 -0.2339900434  1
0.0753000826 0.1255184561 0.1672000736 0.0161275323 0.0669914559 0.0174419582 -0.1455181837  1
0.1290514171 0.2662390471 0.2666209042 0.0277952403 0.1413288265 0.0283705741 -0.1546215564  1
0.2807039917 0.3489917219 0.3008953631 0.0682867020 0.2138307989 0.0371311978 -0.1854264438  1
0.1867793947 0.3037947416 0.2872416079 0.0406773090 0.1654050499 0.0314185470 -0.1595788896  1
0.2711024880 0.3255380690 0.2734736800 0.0763506144 0.2310563773 0.0391115807 -0.2190268040  1
0.1066711098 0.1716382354 0.1606196016 0.0377845168 0.1517392993 0.0285347402 -0.2783363163  1
0.3983440697 0.4390643239 0.3555626571 0.0875684619 0.2434636801 0.0399314724 -0.1647241414  1
0.1410482079 0.1827119738 0.1574437469 0.0506491400 0.1672126651 0.0292075966 -0.2871562541  1
-0.0628959909 0.0153807122 0.0475827605 -0.0154715376 0.0245558806 0.0096787345 -0.2457298934  1
-0.0005591307 -0.0469882712 -0.0191701278 0.0035585256 -0.0240525603 -0.0005714542 -0.2562454045  1
0.2104099542 0.2687406540 0.2304987162 0.0366987139 0.1187998131 0.0206658524 -0.1248106211  1
0.1255404502 0.1796087921 0.1633220762 0.0271744169 0.0978599116 0.0179751087 -0.1539722830  1
0.2068224400 0.2653536499 0.2232631594 0.0377344191 0.1226015389 0.0209424105 -0.1307114065  1
0.1498834938 0.1876893193 0.1628600508 0.0346748754 0.1101561710 0.0193843134 -0.1692585051  1
0.0090816841 0.0615988448 0.0799806416 0.0040113521 0.0434435904 0.0108920839 -0.1814495176  1
-0.0041847010 0.0101044923 0.0349699259 0.0010549139 0.0135559663 0.0055425987 -0.1725542396  1
0.1624352783 0.2029980123 0.1700886041 0.0363833606 0.1153150648 0.0196353775 -0.1641774476  1
0.0357193351 0.0969347134 0.1037269682 0.0097903991 0.0609948002 0.0130070178 -0.1709612608  1
0.0402356535 0.1026806608 0.1142693311 0.0094536506 0.0555425063 0.0122451754 -0.1402788162  1
0.1537550092 0.2004753202 0.1742265821 0.0318165198 0.1052622795 0.0185792278 -0.1477832049  1
0.1237224713 0.1572916806 0.1362089515 0.0314171761 0.1014731973 0.0178553592 -0.1857236326  1
0.1063029915 0.1476448327 0.1308746338 0.0242235810 0.0852588117 0.0153674372 -0.1599399745  1
0.1111458689 0.1382059604 0.1198927984 0.0287854578 0.0912046880 0.0160985086 -0.1872232556  1
0.0301061869 0.0675266385 0.0720949098 0.0097578624 0.0514005870 0.0109282536 -0.2015581578  1
0.0486847237 0.1218072549 0.1300555915 0.0123565374 0.0727739558 0.0155052431 -0.1616215110  1
0.1695550680 0.2098480314 0.1809113175 0.0408621244 0.1283214688 0.0224235561 -0.1759876013  1
0.1119695902 0.1484550983 0.1294288933 0.0333505273 0.1119208932 0.0197902787 -0.2213006914  1
0.0478655063 0.1037244424 0.1076778919 0.0137068927 0.0715253279 0.0148783755 -0.1888659000  1
0.1442780644 0.1865434498 0.1596277803 0.0392659903 0.1285431832 0.0223116241 -0.2005084604  1
0.1078563780 0.1381420642 0.1200212985 0.0353339575 0.1147602350 0.0202177130 -0.2467238456  1
0.1478287876 0.1797395945 0.1499039978 0.0452846251 0.1396882832 0.0236560330 -0.2298941612  1
0.1077688262 0.1338711381 0.1117987111 0.0403023437 0.1269417554 0.0215368140 -0.2894775271  1
0.1856286526 0.2388185859 0.2071078420 0.0333699360 0.1092698276 0.0192950889 -0.1236940771  1
0.1585676074 0.1969491690 0.1679242700 0.0366408266 0.1159115285 0.0201291759 -0.1645912975  1
0.2068524659 0.3351676464 0.3404406905 0.0207162760 0.0839400664 0.0171205439 -0.0636454001  1
0.3039140403 0.4241549671 0.3728697300 0.0372903086 0.1313639879 0.0234073903 -0.0832504258  1
0.2145393491 0.2882088423 0.2595315278 0.0355659351 0.1208634377 0.0220221132 -0.1142473444  1
0.0604488477 0.1227956787 0.1361251026 0.0130905723 0.0638189837 0.0140069053 -0.1322715282  1
0.0880842656 0.2164028585 0.2341825068 0.0114476150 0.0655696243 0.0141328946 -0.0751179308  1
0.2943423390 0.3597368300 0.3070292175 0.0387643985 0.1206637099 0.0209534410 -0.0901653320  1
0.1668824852 0.2258465886 0.1915409118 0.0309726968 0.1061943397 0.0183655508 -0.1281968802  1
0.2744393647 0.3278577924 0.2772950530 0.0364565663 0.1113079488 0.0192010738 -0.0908349603  1
0.1723340452 0.2165094763 0.1907789111 0.0332366005 0.1062498689 0.0190125275 -0.1348081976  1
0.2028323114 -0.0100837024 -0.1339082718 0.0310842190 0.0058114221 -0.0075279125 -0.1044538543  1
-0.3777334988 -0.4788228571 -0.4295771122 -0.0647986829 -0.2034963816 -0.0362479649 -0.1338390410  1
0.1166799590 0.1677040905 0.1558313519 0.0266608298 0.0967653543 0.0181969274 -0.1569053382  1
0.1436030269 0.1831798553 0.1566825062 0.0379865952 0.1229605973 0.0213770475 -0.1908963472  1
0.0674750134 0.1111782342 0.1074910909 0.0206422117 0.0847862512 0.0165410712 -0.2117319256  1
0.5796424150 0.7507347465 0.6353363395 0.0510790236 0.1667779088 0.0285013467 -0.0628432184  1
0.3007707298 0.3966736794 0.3420291841 0.0454522111 0.1508691013 0.0262435041 -0.1105297655  1
0.0517722815 0.1311103404 0.1556796134 0.0103924749 0.0617903359 0.0144663518 -0.1293314546  1
-0.0342472009 -0.0070901928 0.0413754210 -0.0038626029 0.0039264150 0.0047601783 -0.1239213347  1
0.4466124773 0.5391089916 0.4486600459 0.0577716120 0.1759749055 0.0295706596 -0.0941081494  1
0.1212447882 0.2265579998 0.2235514671 0.0217455886 0.1002288237 0.0198375210 -0.1262221932  1
0.3144967854 0.6061663628 0.6561314464 0.0179757383 0.0854926407 0.0184754450 -0.0376765691  1
0.2354490161 0.5581014156 0.6105321646 0.0148526663 0.0849911422 0.0185408760 -0.0403961278  1
0.6707918048 0.8616665602 0.7548800111 0.0521207377 0.1687750816 0.0298112705 -0.0546580628  1
0.3069081903 0.4145825505 0.3612483740 0.0478522778 0.1626530588 0.0285675880 -0.1137244850  1
0.0915954858 0.1894465089 0.2004487664 0.0167708676 0.0843829513 0.0178109743 -0.1244640127  1
0.5979706049 0.8391854763 0.7454398870 0.0356679559 0.1261122525 0.0226322431 -0.0408358537  1
0.4220388830 0.5143737793 0.4268024862 0.0507026389 0.1561579555 0.0262076836 -0.0859910548  1
0.1197071970 0.2184885442 0.2158005685 0.0198143832 0.0891827270 0.0176734254 -0.1134189963  1
0.2329974622 0.6220318675 0.6612527370 0.0150770377 0.0961108729 0.0204143785 -0.0408600606  1
0.7633459568 0.9429188967 0.8039644957 0.0606254525 0.1888717115 0.0324803479 -0.0555543862  1
0.2914154232 0.3807533085 0.3310531676 0.0502191745 0.1652651131 0.0289692692 -0.1256744862  1
0.6851425171 0.8310291171 0.6993789673 0.0649430454 0.1986484975 0.0337138809 -0.0664681047  1
0.2710332572 0.3480479717 0.2988279760 0.0515918061 0.1668835282 0.0288984571 -0.1392708272  1
0.1922587156 0.5532681346 0.5960206985 0.0147154555 0.1005706042 0.0216355883 -0.0481905825  1
0.3705796599 0.5957633257 0.5535199642 0.0344552398 0.1385093182 0.0258999579 -0.0630906150  1
0.4116412401 0.5009927154 0.4248226285 0.0613712110 0.1883692443 0.0322079919 -0.1065415964  1
0.1481885016 0.2384178191 0.2259757668 0.0312481299 0.1255538613 0.0239203610 -0.1508044451  1
0.3949975371 0.5517209768 0.4903327823 0.0453000776 0.1590929776 0.0284890458 -0.0790263191  1
0.3176645339 0.3843857944 0.3234957159 0.0604856201 0.1845791042 0.0313281268 -0.1379152685  1
0.0821786374 0.1705805510 0.1720373780 0.0197363067 0.1002660841 0.0202571452 -0.1666478962  1
0.2520794272 0.3333761990 0.2945743799 0.0215025209 0.0715680271 0.0127351573 -0.0628459007  1
0.1901953816 0.2344232053 0.2020131648 0.0237857271 0.0739267170 0.0128389113 -0.0943182781  1
0.1378507167 0.2086547017 0.2049598098 0.0128488932 0.0488118790 0.0096295178 -0.0667209700  1
0.1883449703 0.2470987141 0.2095073760 0.0214349087 0.0708538219 0.0121288495 -0.0841709822  1
0.1126969233 0.1596962065 0.1414765269 0.0151391393 0.0539146811 0.0096398769 -0.0984273329  1
0.0118289534 0.0352389365 0.0544162430 0.0023940897 0.0151430359 0.0043569240 -0.1063558981  1
0.0847207382 0.1551530808 0.1607973576 0.0090199476 0.0409098193 0.0084853508 -0.0736468360  1
0.1550899744 0.2295975238 0.2042208314 0.0166830420 0.0619360730 0.0111039309 -0.0773294643  1
0.1450450718 0.1728980839 0.1511780471 0.0193077642 0.0582785532 0.0102853635 -0.0976328850  1
0.0178509057 0.0600111894 0.0730105937 0.0031901526 0.0235868804 0.0056392145 -0.1056518033  1
0.1968985945 0.2449492514 0.2128166258 0.0211531483 0.0664708614 0.0116539104 -0.0773127377  1
0.1474801451 0.1873535067 0.1599417776 0.0207928214 0.0666372254 0.0114898942 -0.1030954644  1
0.1631914675 0.2241130322 0.1943435073 0.0192283858 0.0664603636 0.0116334707 -0.0839097276  1
0.1435301304 0.1643307060 0.1446478218 0.0212974362 0.0618330725 0.0109852785 -0.1077369377  1
-0.0031273025 0.0542102717 0.0727061331 0.0003194131 0.0237225704 0.0061725285 -0.1148367226  1
0.1398359090 0.1877187043 0.1705313623 0.0176206827 0.0596618094 0.0109262317 -0.0886096209  1
0.1380021721 0.1747620702 0.1516940594 0.0212644804 0.0679983869 0.0119157275 -0.1108258069  1
0.0456480645 0.0963005349 0.0966554210 0.0080689369 0.0414584838 0.0083422083 -0.1191980243  1
0.1073036268 0.1406120211 0.1218798459 0.0181031916 0.0598959550 0.0104965921 -0.1201588735  1
0.0551955029 0.0855518728 0.0844170600 0.0105096940 0.0407940224 0.0080846110 -0.1316255629  1
0.1250415593 0.1677685678 0.1504579484 0.0213684384 0.0721995234 0.0130437501 -0.1214343682  1
0.1236694753 0.1483530402 0.1276587993 0.0261835288 0.0793149173 0.0137655716 -0.1547707021  1
0.1971904039 0.2916541398 0.2807252705 0.0207522828 0.0770896152 0.0149203772 -0.0750298649  1
0.1242087707 0.2270463854 0.2337782532 0.0152772162 0.0691216141 0.0142414626 -0.0861489922  1
0.1317364722 0.1855454147 0.1810502261 0.0178472027 0.0633949265 0.0124264285 -0.0964307860  1
0.2763827443 0.3426280320 0.2902625799 0.0276705772 0.0868777633 0.0149115995 -0.0717449710  1
0.1857212931 0.2409839481 0.2022740990 0.0261257347 0.0856166482 0.0145658944 -0.1025287136  1
0.0351168439 0.0906697214 0.1050656363 0.0062352619 0.0372639410 0.0085216761 -0.1098285019  1
0.2034201771 0.2415699065 0.1992025971 0.0315033346 0.0947844684 0.0158437472 -0.1136932448  1
0.0515945479 0.1721542776 0.2201032639 0.0059716515 0.0447283201 0.0112103783 -0.0687806755  1
0.3059402406 0.3901248872 0.3251026869 0.0314186476 0.1011640579 0.0170678589 -0.0734008849  1
0.1283406764 0.2242125273 0.2231144458 0.0129682887 0.0562625490 0.0112492526 -0.0672191307  1
0.2648235857 0.3076641262 0.2502409518 0.0338089392 0.0995811671 0.0164310224 -0.0919374302  1
0.1155453697 0.1782923043 0.1598871201 0.0189011674 0.0730345249 0.0132407574 -0.1159135327  1
0.2200926840 0.3077749312 0.2730010152 0.0233497769 0.0822758824 0.0147555890 -0.0733909309  1
0.2198924422 0.2631795108 0.2200995386 0.0329083726 0.0997795016 0.0169020873 -0.1078865528  1
0.0611078925 0.1276358217 0.1235103831 0.0110621182 0.0561556295 0.0109427944 -0.1208378077  1
0.2152596116 0.3334237933 0.3365310431 0.0238973256 0.0927400663 0.0187525265 -0.0763653368  1
0.2503970265 0.3072598875 0.2613554299 0.0374240540 0.1160374433 0.0199374203 -0.1071225926  1
0.0938489586 0.1559276134 0.1486319751 0.0175198242 0.0724728405 0.0139029985 -0.1300116926  1
0.0239065327 0.0079572378 0.0045010247 0.0021519945 0.0029958466 0.0004837664 -0.0567077361  1
0.0079772612 0.0127539858 0.0086240536 0.0010243095 0.0040960126 0.0006670103 -0.0614956319  1
-0.0065182880 0.0074386899 0.0089907516 -0.0000977009 0.0029763789 0.0006670489 -0.0576888695  1
0.0219664853 0.0125331916 0.0107053900 0.0021404291 0.0040856288 0.0007579844 -0.0607435666  1
-0.0064504920 0.0010618872 0.0011036843 -0.0000977471 0.0018451792 0.0003841295 -0.0603575148  1
-0.0065941759 -0.0048355735 0.0056888820 -0.0000998639 0.0007192573 0.0005695087 -0.0599648952  1
0.0076428996 0.0179792140 0.0127291400 0.0010167883 0.0051888227 0.0008478510 -0.0595666766  1
0.0355200842 0.0286735278 0.0146165723 0.0032516450 0.0074134301 0.0009386642 -0.0608754195  1
-0.0065123057 -0.0104131009 -0.0108419582 -0.0001053339 -0.0004216896 -0.0000877030 -0.0638912767  1
-0.0498541668 -0.0512154922 -0.0307569336 -0.0034634937 -0.0082579087 -0.0008348715 -0.0600432605  1
-0.0221912079 -0.0236969646 -0.0099026328 -0.0012267848 -0.0026719472 0.0000032275 -0.0579044633  1
0.0371119417 0.0474471524 0.0246261526 0.0032493535 0.0107604722 0.0013086539 -0.0574733205  1
0.0617085062 0.0492619835 0.0272737741 0.0054705483 0.0118381316 0.0014897363 -0.0621703565  1
-0.0329910144 -0.0265035983 -0.0155923357 -0.0023365314 -0.0037810756 -0.0002775340 -0.0651462004  1
-0.0666037351 -0.0653360337 -0.0398218669 -0.0045873597 -0.0105171781 -0.0011192656 -0.0578718781  1
0.0070582866 -0.0125487233 -0.0155929672 0.0010047155 -0.0004582861 -0.0001887152 -0.0574372336  1
0.0211605243 0.0222776365 0.0062481766 0.0021176541 0.0062371399 0.0006476504 -0.0586826950  1
-0.0114357891 -0.0159415435 -0.0053428090 -0.0006037887 -0.0018918355 0.0001069025 -0.0677451119  1
0.0002110618 0.0026068485 0.0031891500 0.0004400432 0.0022817228 0.0004970199 -0.0697537214  1
0.0177038051 0.0236383099 0.0148401279 0.0020066828 0.0069806813 0.0010186417 -0.0677745566  1
0.0220465176 0.0176311433 0.0101001905 0.0025190010 0.0059078550 0.0008402469 -0.0721534565  1
-0.0169254523 -0.0158637594 -0.0104555748 -0.0011312802 -0.0019152741 -0.0001164678 -0.0709560215  1
-0.0287144948 -0.0299907960 -0.0203131568 -0.0021743693 -0.0050491057 -0.0005521945 -0.0697515309  1
-0.0003440942 -0.0100457249 -0.0144203966 0.0004322487 -0.0003618196 -0.0002496153 -0.0669502616  1
0.0052728239 -0.0029659756 -0.0092656361 0.0009496147 0.0011949169 -0.0000331758 -0.0697054565  1
-0.0181562733 -0.0173087474 -0.0165623799 -0.0011369184 -0.0019383682 -0.0003386014 -0.0676853508  1
-0.0124701634 -0.0223145057 -0.0188138969 -0.0006152100 -0.0029857382 -0.0004265213 -0.0672476292  1
-0.0128075425 -0.0180892143 -0.0123388441 -0.0006186987 -0.0019504862 -0.0001233642 -0.0660081729  1
-0.0069511626 0.0033894966 0.0045358380 -0.0000975335 0.0027446006 0.0006154269 -0.0655568242  1
0.0355210565 0.0349056460 0.0216392931 0.0035585677 0.0095312307 0.0013543359 -0.0650967807  1
0.0215398371 0.0186474714 0.0123643521 0.0025026072 0.0063672005 0.0010010441 -0.0701814368  1
-0.0302984212 -0.0205373429 -0.0068189721 -0.0021861787 -0.0024923841 0.0001324518 -0.0681201741  1
-0.0133429244 -0.0116932709 -0.0041314461 -0.0006260520 -0.0004128272 0.0002621896 -0.0660535693  1
0.0055065104 0.0042479918 0.0025020232 0.0009057206 0.0026466895 0.0004698873 -0.0644132718  1
0.0223017670 0.0243200734 0.0125999954 0.0023634257 0.0070190546 0.0009144492 -0.0647736564  1
0.0103179654 0.0078670885 0.0018673572 0.0013842466 0.0035941778 0.0004653792 -0.0673024058  1
-0.0228185095 -0.0276472736 -0.0177142788 -0.0015340358 -0.0041918028 -0.0003869112 -0.0661625043  1
-0.0349703431 -0.0332053937 -0.0175238736 -0.0025112403 -0.0051761530 -0.0003480190 -0.0642829463  1
0.0108546978 0.0149845248 0.0072086263 0.0013839903 0.0050498680 0.0007067337 -0.0616665110  1
0.0490594245 0.0406255573 0.0251412299 0.0047830963 0.0108653950 0.0015140091 -0.0656216890  1
-0.0065090749 0.0067544114 0.0079281228 -0.0000806509 0.0035597975 0.0007821270 -0.0681052357  1
-0.0182703286 -0.0156855267 -0.0116243465 -0.0010549913 -0.0013004834 -0.0000683131 -0.0647350848  1
0.0041109803 -0.0200766306 -0.0190595575 0.0008894816 -0.0022745247 -0.0003929884 -0.0657397732  1
-0.0407098755 -0.0338247456 -0.0212643426 -0.0029996019 -0.0051957644 -0.0004751981 -0.0652755946  1
-0.0078669060 0.0018935865 -0.0010424845 -0.0000863343 0.0025790760 0.0004154818 -0.0604250506  1
0.0605384409 0.0378863662 0.0177239981 0.0057436996 0.0103398440 0.0012228261 -0.0643248782  1
-0.0178895928 -0.0072346097 -0.0066483552 -0.0010584309 0.0006130857 0.0001681394 -0.0682133064  1
-0.0434238538 -0.0411930941 -0.0271876659 -0.0030091088 -0.0062000193 -0.0006429246 -0.0618842617  1
-0.0057953172 -0.0016047929 -0.0081148148 -0.0000601365 0.0015481580 0.0000236711 -0.0695848688  1
0.0229807161 0.0136248367 0.0077346452 0.0026241718 0.0051242807 0.0007688678 -0.0691668242  1
-0.0057689776 0.0017044293 0.0040506194 -0.0000637554 0.0024234303 0.0006164886 -0.0727638751  1
-0.0064381994 0.0014753239 0.0039898036 -0.0000664621 0.0024212271 0.0006164498 -0.0683272779  1
0.0215846803 0.0122721577 0.0104881013 0.0026111540 0.0050868094 0.0009483238 -0.0718840659  1
-0.0064097731 0.0065426580 0.0025393402 -0.0000692149 0.0037428851 0.0005751310 -0.0714304671  1
0.0075029824 -0.0011351978 -0.0023483555 0.0012701151 0.0019530853 0.0003509771 -0.0709683597  1
-0.0111524770 -0.0178398322 -0.0155220488 -0.0005172527 -0.0020688204 -0.0002823406 -0.0724954158  1
-0.0309832823 -0.0284536593 -0.0260317586 -0.0023069750 -0.0043119718 -0.0007307130 -0.0693513528  1
0.0025326181 -0.0193630233 -0.0161102265 0.0008205705 -0.0020830196 -0.0002477104 -0.0681979507  1
-0.0214931350 -0.0115029430 -0.0111954939 -0.0014142265 -0.0002992188 -0.0000252009 -0.0696967915  1
0.0125608239 0.0099111246 0.0039530988 0.0017143893 0.0046188957 0.0006824469 -0.0652019456  1
0.0206853356 0.0107258409 0.0049591842 0.0025966710 0.0050382563 0.0007525096 -0.0713347718  1
-0.0272525195 -0.0143450843 -0.0072267973 -0.0018652981 -0.0007631032 0.0001946462 -0.0681531131  1
0.0489074513 0.0376403257 0.0159472805 0.0052457196 0.0112000601 0.0012123701 -0.0711509660  1
-0.0020717448 0.0000840846 -0.0052776290 0.0003511535 0.0022199785 0.0001916512 -0.0737220049  1
-0.0445878543 -0.0492585227 -0.0332350396 -0.0037236847 -0.0095959613 -0.0011330856 -0.0708454996  1
-0.0334389769 -0.0464369021 -0.0342923850 -0.0025055008 -0.0083906408 -0.0011016221 -0.0674043074  1
-0.0023878871 -0.0038379605 -0.0033151340 0.0003519014 0.0014079626 0.0003271035 -0.0663376376  1
0.0288316254 0.0406777598 0.0233251825 0.0032082247 0.0116065899 0.0015504446 -0.0670874938  1
0.0443315469 0.0350794978 0.0226550773 0.0048268368 0.0107560065 0.0015791069 -0.0702061206  1
-0.0273071229 -0.0191180408 -0.0113514056 -0.0020930972 -0.0022774683 -0.0000510751 -0.0733121857  1
-0.0394611992 -0.0431784652 -0.0287269372 -0.0029196311 -0.0071891751 -0.0007664805 -0.0662022308  1
0.0011824113 -0.0157557745 -0.0142172407 0.0007514434 -0.0010690286 -0.0001209048 -0.0680873469  1
-0.0034735680 0.0070953541 0.0047414484 0.0003433398 0.0042275195 0.0007617458 -0.0663632452  1
0.0230339933 0.0297570787 0.0236150920 0.0027854424 0.0095128752 0.0016423709 -0.0676263124  1
0.0308873728 0.0304520838 0.0256059952 0.0035933249 0.0098992763 0.0017743511 -0.0694786534  1
0.0152133163 0.0214828141 0.0122351479 0.0021494648 0.0078650564 0.0011202598 -0.0747359022  1
0.0077222106 0.0011607452 0.0000471259 0.0014145534 0.0027359140 0.0005090421 -0.0764015839  1
-0.0275996570 -0.0272523705 -0.0201663449 -0.0022396194 -0.0045744535 -0.0005268290 -0.0759158805  1
-0.0217654090 -0.0288979355 -0.0201988276 -0.0015131547 -0.0045888568 -0.0004677408 -0.0722110793  1
0.0002993133 -0.0023956739 -0.0055429875 0.0006815635 0.0019966196 0.0002635980 -0.0727724731  1
0.0151172625 0.0152408360 0.0041533848 0.0021456324 0.0063858232 0.0007510369 -0.0722546428  1
0.0072933272 0.0002768035 -0.0021149407 0.0014099169 0.0027186065 0.0004445691 -0.0749570578  1
-0.0290913675 -0.0261635110 -0.0206097160 -0.0022439086 -0.0038599139 -0.0004693157 -0.0733480155  1
-0.0152314343 -0.0274687242 -0.0191949718 -0.0007842466 -0.0038703908 -0.0003490223 -0.0706894696  1
-0.0079665501 -0.0066875070 -0.0094523402 -0.0000546092 0.0012450089 0.0001374944 -0.0711946115  1
0.0146756535 0.0112198237 0.0040510823 0.0021395453 0.0056310897 0.0008073341 -0.0695551187  1
-0.0002849679 0.0114236595 0.0101862568 0.0006025372 0.0062440024 0.0011941976 -0.0937833264  1
0.0140751544 0.0147490008 0.0129772415 0.0025148713 0.0075069261 0.0014044906 -0.0951427370  1
0.0088799912 0.0085068969 0.0052918554 0.0018730502 0.0055809808 0.0009237835 -0.0964616239  1
-0.0103332149 -0.0089144446 -0.0053304881 -0.0006764160 -0.0001581028 0.0002323965 -0.0968558937  1
-0.0107289273 -0.0133285793 -0.0123028038 -0.0006780419 -0.0014378057 -0.0001934204 -0.0944599584  1
-0.0012633438 -0.0117571000 -0.0125820795 0.0005952028 -0.0008061556 -0.0001942989 -0.0948289856  1
-0.0162833948 -0.0160123780 -0.0145392325 -0.0013189665 -0.0020851190 -0.0003013218 -0.0942203552  1
-0.0063586552 -0.0103033883 -0.0073674670 -0.0000424571 -0.0001719784 0.0001769411 -0.0917605311  1
0.0020023624 0.0045018238 0.0021500376 0.0010569231 0.0047697392 0.0007899306 -0.1197700351  1
-0.0081876032 -0.0064353012 -0.0014166133 -0.0005733677 0.0004218039 0.0005177839 -0.1192155257  1
-0.0017451826 -0.0013888357 -0.0005886573 0.0005118872 0.0025917832 0.0006078857 -0.1178178564  1
0.0082340678 0.0064410823 0.0014008320 0.0021394053 0.0058425562 0.0007874328 -0.1188042983  1
-0.0126398448 -0.0160947386 -0.0136096328 -0.0011213046 -0.0028552655 -0.0003458465 -0.1160713360  1
0.0879982263 0.1448555887 0.1344222575 0.0106680058 0.0437732562 0.0082141934 -0.0838394314  1
0.1274803579 0.1560241729 0.1346275210 0.0170574915 0.0531245433 0.0093127796 -0.0970281065  1
0.0527801141 0.0857488140 0.0831536502 0.0083712321 0.0339897685 0.0066548362 -0.1085777879  1
0.0344946273 0.0953394473 0.1053770185 0.0049143927 0.0308824610 0.0067750444 -0.0849555731  1
0.1317900270 0.1657145768 0.1444630176 0.0170615911 0.0545605309 0.0096551152 -0.0925227180  1
0.1007223427 0.1300881505 0.1119577736 0.0153719280 0.0504410863 0.0088360393 -0.1093427166  1
0.0117014907 0.0457207151 0.0577608086 0.0028198443 0.0212690383 0.0051797330 -0.1145492271  1
0.1954840869 0.2477589399 0.2082691342 0.0244515464 0.0784258246 0.0133623071 -0.0902209952  1
0.1705669016 0.2063398063 0.1653572321 0.0276957229 0.0847830623 0.0137953535 -0.1199923232  1
0.0253729559 0.0678086132 0.0799136236 0.0053838594 0.0330270827 0.0076655410 -0.1311544329  1
0.0994312912 0.1518940330 0.1507765204 0.0133910226 0.0513894036 0.0102530206 -0.0927714482  1
0.1380544901 0.1833164841 0.1631157100 0.0214026663 0.0718414038 0.0129221836 -0.1114990264  1
0.0897458568 0.1395595223 0.1309053749 0.0156830437 0.0610102341 0.0115349526 -0.1235573292  1
0.0414324403 0.0711250305 0.0759766027 0.0083626844 0.0355647989 0.0075662690 -0.1336765438  1
0.3085431159 0.2712751627 0.1771770418 0.0366971008 0.0827705115 0.0111764697 -0.0851630643  1
0.1571292728 0.2128415257 0.1832671463 0.0288520940 0.0983989611 0.0171208028 -0.1341173351  1
0.0692094564 0.1635463238 0.2004619539 0.0115337977 0.0665012598 0.0161892939 -0.1194625050  1
0.2210553288 0.3434103727 0.3186262846 0.0375101008 0.1459319741 0.0271774251 -0.1293846965  1
0.2581714988 0.3199407458 0.2742806673 0.0576841757 0.1795433760 0.0309204683 -0.1766648591  1
0.0973909795 0.1603499651 0.1557440162 0.0270293895 0.1110002846 0.0216030125 -0.2206043601  1
0.2985320687 0.3938791752 0.3474271595 0.0501546785 0.1663171649 0.0294820275 -0.1278551817  1
0.2489391714 0.3014842570 0.2503170967 0.0626870170 0.1907471716 0.0318434238 -0.2011675984  1
0.0583139546 0.1334637702 0.1359000951 0.0172097441 0.0963607654 0.0196168143 -0.2280121744  1
0.2660315931 0.3766141832 0.3401217163 0.0497783870 0.1767962724 0.0320621356 -0.1412416101  1
0.2623856664 0.3223877847 0.2700149119 0.0695690885 0.2146609873 0.0361281373 -0.2101010382  1
0.0855092853 0.1545046717 0.1521427035 0.0271812566 0.1220350191 0.0240649916 -0.2514966130  1
0.3982165158 0.4847287238 0.4709262252 0.0871418044 0.2662505805 0.0517380051 -0.1679537594  1
0.2018141747 0.2576026618 0.2229711562 0.0691908821 0.2215879112 0.0385032408 -0.2813476920  1
0.5200276375 0.6308504343 0.5286114216 0.1272966117 0.3871875405 0.0650780424 -0.1894133240  1
0.2407216281 0.2980928421 0.2527614236 0.1027564779 0.3190492988 0.0542671047 -0.3673331439  1
0.2867714167 0.3369519413 0.2817165256 0.0861604437 0.2543541491 0.0427183919 -0.2367294133  1
0.1313506961 0.1782299578 0.1600238085 0.0537273623 0.1828335971 0.0329509974 -0.3401504755  1
0.0304223709 0.0517422110 0.0535927378 0.0085405912 0.0359188020 0.0074479412 -0.1770800352  1
0.0585457161 0.0796915144 0.0699615926 0.0154466908 0.0535369925 0.0096152415 -0.1851993501  1
0.0289966464 0.0594080277 0.0636556894 0.0086326431 0.0425251424 0.0090918904 -0.1891106665  1
0.0606909022 0.0770723745 0.0696597695 0.0182747450 0.0593715236 0.0109146107 -0.2168235332  1
0.0136260232 0.0469031595 0.0581092834 0.0052923812 0.0371146910 0.0089101689 -0.2002921104  1
0.0671024621 0.0944252536 0.0876834020 0.0190290008 0.0678052306 0.0127553018 -0.2015848756  1
0.0783119202 0.0976738930 0.0840673000 0.0240482204 0.0766303688 0.0134597905 -0.2273457944  1
0.0282685645 0.0541023798 0.0578679703 0.0101312185 0.0469347611 0.0099920109 -0.2318110019  1
0.0414228626 0.0582243241 0.0549261495 0.0149994688 0.0536966734 0.0102940518 -0.2571857274  1
0.0466146618 0.0713558644 0.0665374175 0.0081796646 0.0316544324 0.0060232836 -0.1157704592  1
0.0812628567 0.0991083831 0.0795384645 0.0143869994 0.0450148210 0.0074621746 -0.1252064258  1
0.0387647748 0.0551010408 0.0506267063 0.0080536120 0.0291043725 0.0054596844 -0.1361197233  1
0.0373340175 0.0814347640 0.0836755857 0.0066994978 0.0347153246 0.0071506584 -0.1108019426  1
0.1328298301 0.1506461054 0.1197945550 0.0223349556 0.0648365766 0.0105672106 -0.1217151135  1
0.0654499531 0.0910799727 0.0780540481 0.0133243408 0.0470031053 0.0082420046 -0.1431367397  1
0.0389660485 0.0769769475 0.0806811377 0.0071534719 0.0341228768 0.0071475948 -0.1140345111  1
0.1013964042 0.1235997826 0.1069651619 0.0175896715 0.0548711643 0.0096855788 -0.1226543859  1
0.0617908277 0.0918593332 0.0812887251 0.0124426624 0.0466123149 0.0084148636 -0.1389079392  1
0.0723334104 0.1254917532 0.1209035441 0.0125159873 0.0538760014 0.0104681524 -0.1173312739  1
0.1350040287 0.1596037000 0.1357865930 0.0249041244 0.0749860257 0.0129609490 -0.1334518939  1
0.0569133647 0.0935876146 0.0866088644 0.0126287183 0.0517407022 0.0096973302 -0.1533643603  1
0.0598137453 0.1242710128 0.1298395246 0.0110226506 0.0556399152 0.0116247423 -0.1218903959  1
0.1474357992 0.1866530031 0.1633172482 0.0269849710 0.0865603611 0.0153295370 -0.1317787766  1
0.1081047729 0.1714892834 0.1590227187 0.0217819382 0.0865309089 0.0161811206 -0.1422337145  1
0.1551300138 0.1856764853 0.1569993943 0.0356941149 0.1082008183 0.0185178965 -0.1694950908  1
0.0549962223 0.0946453437 0.0933498964 0.0151704466 0.0647731870 0.0128342807 -0.1948212683  1
0.0757764578 0.1195409223 0.1144149527 0.0199154690 0.0786454082 0.0151475882 -0.1882947534  1
0.1166795641 0.1408859044 0.1184386164 0.0336204991 0.1028232872 0.0175058655 -0.2163134813  1
0.0479189195 0.0786823928 0.0733418986 0.0157986898 0.0646703839 0.0121725416 -0.2387734801  1
-0.0111674210 0.0134853423 0.0284125898 -0.0002049830 0.0073965457 0.0022940009 -0.0805438980  1
0.0129934382 0.0423307754 0.0553486347 0.0025148918 0.0165672190 0.0041288417 -0.0920126885  1
0.0427313000 0.0701318160 0.0770580620 0.0059538707 0.0243242402 0.0053021568 -0.0887891129  1
0.1442198306 0.2083656192 0.1845023334 0.0170442052 0.0619762130 0.0111019406 -0.0841069072  1
0.1442198306 0.2083656192 0.1845023334 0.0170442052 0.0619762130 0.0111019406 -0.0841069072  1
