-0.0574883446 -0.1123740152 -0.1004457101 -0.0057579982 -0.0293959007 -0.0050919643 -0.0914770737  3
0.0155063821 -0.0136695076 -0.0363347158 0.0037338040 0.0003105445 -0.0016181204 -0.1137631834  3
-0.0227036215 -0.0110743931 -0.0168229435 -0.0015069183 0.0020763571 0.0000948489 -0.0950051844  3
-0.0007349883 -0.0050725285 0.0014478754 0.0012978178 0.0037977805 0.0012850584 -0.1094492599  3
0.0098043671 0.0157817099 0.0226961467 0.0027181481 0.0108694052 0.0026755005 -0.0948442966  3
0.0176327135 0.0447179675 0.0546781011 0.0040747933 0.0225680470 0.0053104879 -0.1113090366  3
0.0768306330 0.1168359965 0.0977701992 0.0118233860 0.0451828651 0.0078060715 -0.0987696573  3
-0.0574883446 -0.1123740152 -0.1004457101 -0.0057579982 -0.0293959007 -0.0050919643 -0.0914770737  3
0.0155063821 -0.0136695076 -0.0363347158 0.0037338040 0.0003105445 -0.0016181204 -0.1137631834  3
-0.0227036215 -0.0110743931 -0.0168229435 -0.0015069183 0.0020763571 0.0000948489 -0.0950051844  3
-0.0007349883 -0.0050725285 0.0014478754 0.0012978178 0.0037977805 0.0012850584 -0.1094492599  3
0.0098043671 0.0157817099 0.0226961467 0.0027181481 0.0108694052 0.0026755005 -0.0948442966  3
0.0176327135 0.0447179675 0.0546781011 0.0040747933 0.0225680470 0.0053104879 -0.1113090366  3
0.0768306330 0.1168359965 0.0977701992 0.0118233860 0.0451828651 0.0078060715 -0.0987696573  3
-1.7627987862 -2.1664395332 -1.8420809507 -0.0720289722 -0.2198308706 -0.0371410400 -0.0294048097  3
-1.6762627363 -2.7797162533 -4.4989166260 -0.0089964671 -0.0374775529 -0.0128809307 -0.0043825945  3
1.6779063940 4.0049157143 4.8696026802 -0.0030878049 -0.0216353722 -0.0054833470 0.0019381626  3
2.6183886528 3.7083773613 3.9061889648 -0.0064249728 -0.0219906271 -0.0046436870 0.0021215163  3
0.4066880643 0.5888045430 0.5744084716 -0.0060983328 -0.0214058626 -0.0040860344 0.0130480705  3
0.2386401892 0.4613633454 0.4725834131 -0.0027353272 -0.0146721303 -0.0029937313 0.0127345053  3
0.1727314442 0.2263695300 0.2540976107 -0.0031214496 -0.0091054915 -0.0021617482 0.0191259999  3
0.0608821288 0.1626281887 0.1813150197 -0.0001167647 -0.0049666413 -0.0011915456 0.0193418283  3
0.1026486978 0.1464127302 0.1574835926 -0.0016151069 -0.0049697817 -0.0010990277 0.0214811433  3
0.0957899019 0.1351259351 0.1313820630 -0.0016240251 -0.0049915249 -0.0008832131 0.0237518512  3
0.0487232879 0.0969631672 0.0867462754 -0.0001271616 -0.0023786286 -0.0002289839 0.0260315184  3
-0.0439805500 -0.0419939943 -0.0288794581 0.0036289925 0.0115086306 0.0020844489 0.0290282704  3
-0.0439805500 -0.0419939943 -0.0288794581 0.0036289925 0.0115086306 0.0020844489 0.0290282704  3
-0.0439805500 -0.0419939943 -0.0288794581 0.0036289925 0.0115086306 0.0020844489 0.0290282704  3
-0.0081140129 -0.0655658320 -0.0861248299 0.0021133134 0.0133077484 0.0030998033 0.0250431709  3
-0.0731281564 -0.1212177277 -0.1454412639 0.0043442599 0.0177523978 0.0040249927 0.0233287737  3
-0.0731281564 -0.1212177277 -0.1454412639 0.0043442599 0.0177523978 0.0040249927 0.0233287737  3
-0.1596986055 -0.2374511063 -0.2240731716 0.0069400929 0.0262755286 0.0051022647 0.0216311906  3
-0.2573682368 -0.3679264188 -0.3634747267 0.0080221957 0.0294922497 0.0059124930 0.0164198317  3
-0.2425671816 -0.4405817688 -0.4852481782 0.0065194150 0.0286610909 0.0062325657 0.0131793041  3
-1.0925147533 -6.5896134377 -7.7471804619 0.0105038974 0.1377411634 0.0321962647 0.0053858529  3
-1.0925147533 -6.5896134377 -7.7471804619 0.0105038974 0.1377411634 0.0321962647 0.0053858529  3
0.0455403067 0.4458440542 0.5382079482 -0.0100105507 -0.2850985825 -0.0690873116 0.1588651389  3
0.0518998615 0.0775113106 0.2224806547 -0.0122559089 -0.0453388393 -0.0288782883 0.1650154442  3
0.0432577170 0.0592639707 0.0613330677 -0.0108638695 -0.0360516608 -0.0072749127 0.1759936959  3
0.0126761254 0.0389761738 0.0469667949 -0.0019725524 -0.0199126620 -0.0050213207 0.1802416146  3
0.0297967978 0.0446325205 0.0457212776 -0.0050713690 -0.0201495700 -0.0043368801 0.1805632263  3
0.0297967978 0.0446325205 0.0457212776 -0.0050713690 -0.0201495700 -0.0043368801 0.1805632263  3
0.0371844396 0.0444189049 0.0389505848 -0.0080821337 -0.0221280865 -0.0036768303 0.1910020262  3
0.0083455313 0.0211241394 0.0226985309 -0.0008650850 -0.0077091996 -0.0016274117 0.1947678328  3
0.0083455313 0.0211241394 0.0226985309 -0.0008650850 -0.0077091996 -0.0016274117 0.1947678328  3
-0.0003471132 0.0042512128 0.0112692770 0.0021186522 0.0043739323 -0.0000487055 0.1942529082  3
0.0029488353 0.0061318222 0.0077634836 0.0009997877 0.0028744126 0.0003656970 0.1946329772  3
0.0074252617 0.0092279678 0.0063550165 -0.0004978259 0.0002528035 0.0006130791 0.1984393448  3
0.0074252617 0.0092279678 0.0063550165 -0.0004978259 0.0002528035 0.0006130791 0.1984393448  3
-0.0013719969 -0.0024889396 -0.0022786981 0.0024897223 0.0103262579 0.0021044526 0.1983477175  3
-0.0109319938 -0.0136346230 -0.0093936119 0.0058357660 0.0199928619 0.0033423710 0.1978950799  3
-0.0109319938 -0.0136346230 -0.0093936119 0.0058357660 0.0199928619 0.0033423710 0.1978950799  3
-0.0133445524 -0.0199358836 -0.0220838692 0.0065571358 0.0251114871 0.0054629813 0.1957488656  3
-0.0133445524 -0.0199358836 -0.0220838692 0.0065571358 0.0251114871 0.0054629813 0.1957488656  3
-0.0133445524 -0.0199358836 -0.0220838692 0.0065571358 0.0251114871 0.0054629813 0.1957488656  3
-0.0286428500 -0.0375460796 -0.0327512473 0.0112978304 0.0385620892 0.0070202732 0.1883774102  3
-0.0139993392 -0.5029792786 -0.6266691089 0.0064464174 0.3931933641 0.0976559445 0.1798202693  3
-1.2049688101 -1.4553395510 -1.2173373699 0.3705499172 1.1214468479 0.1880476028 0.1799228042  3
-0.0072067664 -0.0033015064 -0.0048478493 -0.0004181124 0.0024813714 0.0003727391 -0.1569603980  3
-0.0460719690 -0.0428774841 -0.0288479757 -0.0080583207 -0.0169575885 -0.0019704944 -0.1518297791  3
-0.0080704000 -0.0307593644 -0.0317261368 -0.0004238820 -0.0100704553 -0.0020689000 -0.1429702044  3
-0.0113122445 -0.0230935812 -0.0254027881 -0.0011164759 -0.0068986062 -0.0015675300 -0.1495221257  3
-0.0293423105 -0.0241071414 -0.0213112514 -0.0042691804 -0.0065947170 -0.0010245555 -0.1395873427  3
0.0104042068 -0.0028997327 -0.0036490215 0.0030615656 0.0031781043 0.0006039807 -0.1413304955  3
0.0009149071 0.0066722455 0.0039874152 0.0013150929 0.0076976679 0.0013280304 -0.1425282061  3
0.0045640240 0.0117907422 0.0157095362 0.0020101471 0.0101327896 0.0024303845 -0.1415912956  3
-0.0226365533 -0.0854017735 -0.0814045146 -0.0045028110 -0.0476803631 -0.0090250392 -0.1854394227  3
-0.0626169071 -0.0513219759 -0.0754948780 -0.0130233187 -0.0247951820 -0.0076261093 -0.1701994389  3
0.0355369262 -0.0514437407 -0.0894032344 0.0100925006 -0.0292367153 -0.0106962230 -0.1997158974  3
-0.1584788263 -0.2158174962 -0.2104252577 -0.0369986035 -0.1254022866 -0.0243999343 -0.1843940169  3
-0.3407698274 -0.4209688902 -0.3232357204 -0.0633372664 -0.1946490556 -0.0296654943 -0.1412708014  3
-0.2629860938 -0.3550572395 -0.3127506673 -0.0310142599 -0.1039998457 -0.0181810912 -0.0881123617  3
0.1714295596 0.1250571311 0.0386874638 0.0235402454 0.0453291126 0.0034523204 -0.0949261487  3
0.1682764441 0.2244372666 0.1061201319 0.0285773724 0.0960445404 0.0095736561 -0.1206586584  3
0.0798291713 0.0193010438 -0.0108912811 0.0156067777 0.0130755343 -0.0000975310 -0.1355341673  3
-0.2487971485 -0.2760316432 -0.1840098798 -0.0461795367 -0.1267726570 -0.0165759660 -0.1422978193  3
-0.5903162956 -0.5737184882 -0.4442485571 -0.0526393019 -0.1260212958 -0.0192669965 -0.0647275820  3
0.2881715894 0.0126623055 -0.1031197980 0.0278930906 0.0076858890 -0.0037852733 -0.0658783242  3
0.0226557031 0.0549576692 -0.0342533700 0.0043506995 0.0240009204 -0.0014390320 -0.1026961058  3
-0.1350843608 -0.1579141766 -0.1229651570 -0.0121338423 -0.0341913402 -0.0050738915 -0.0705316290  3
-0.1329027116 -0.2252110243 -0.1980260164 -0.0142302411 -0.0605526343 -0.0104937786 -0.0836406648  3
-0.3174389899 -0.4082955420 -0.3936119378 -0.0205686558 -0.0651659518 -0.0124846594 -0.0482994877  3
-0.1419654042 -0.2741693854 -0.1898598820 -0.0094120232 -0.0464564823 -0.0060721505 -0.0529763848  3
-0.1785288900 0.0480397791 0.4418441057 -0.0072416966 0.0110141402 0.0117244115 -0.0332578607  3
0.5690813065 1.3270102739 1.3927084208 0.0348177142 0.2009959668 0.0422084071 -0.0411014073  3
1.1933386326 1.4627027512 1.2108017206 0.1347097009 0.4140940607 0.0688002110 -0.0800379440  3
0.6063043475 0.7243931890 0.5987071991 -0.1981501281 -0.5935018063 -0.0984149277 0.2009990811  3
-0.0434495658 0.2087868005 0.2780996561 0.0098696463 -0.1651951969 -0.0432246514 0.1866355687  3
-0.0445422530 -0.0787263215 -0.0149922948 0.0114041362 0.0496288761 0.0003795088 0.1847806126  3
-0.0693254396 -0.2293604165 -0.3062344790 0.0167801548 0.1452689916 0.0391224399 0.1701744795  3
-0.4079320431 -0.6271451712 -0.4506785274 0.0997998491 0.3843961954 0.0546040460 0.1611857712  3
-2.8295187950 -2.1389226913 -1.3255916834 0.1537343413 0.2846464515 0.0344101004 0.0386687964  3
0.6062859297 0.6199063659 0.4166654646 -0.1937205046 -0.4984526932 -0.0678080767 0.1942829937  3
-0.0691021457 0.1936225444 0.2333295792 0.0175505113 -0.1467612237 -0.0350400656 0.1779396832  3
-0.0416414365 -0.0645634681 0.0653160885 0.0095084347 0.0367546454 -0.0102750305 0.1696909666  3
-0.0058680475 -0.0134284198 -0.0214230828 0.0002856466 0.0035983194 0.0016655852 0.1638073325  3
0.0207991935 0.0196854640 0.0128523614 -0.0064679291 -0.0172594041 -0.0026219625 0.1677685082  3
0.0131089753 0.0268349834 0.0248412173 -0.0046236874 -0.0222035255 -0.0042155716 0.1707862318  3
0.0202646013 0.0295415837 0.0294327103 -0.0064803259 -0.0240705330 -0.0048369388 0.1722461730  3
0.0196955819 0.0269552842 0.0252241232 -0.0065094200 -0.0229509324 -0.0043956861 0.1777672321  3
0.0082927151 0.0160238128 0.0153723443 -0.0034265118 -0.0155699151 -0.0030638978 0.1792486310  3
0.0039087692 0.0034978373 0.0045564589 -0.0022000996 -0.0069354218 -0.0015738939 0.1807401478  3
-0.0073004002 -0.0080866097 -0.0065767867 0.0008976076 0.0011106649 -0.0000264016 0.1806615740  3
-0.0096630789 -0.0136364996 -0.0138539085 0.0015145207 0.0048200823 0.0009530201 0.1781023443  3
-0.0073964503 -0.0174023695 -0.0200584829 0.0008945490 0.0072970730 0.0017788362 0.1772195399  3
-0.0191900879 -0.0288013555 -0.0327111818 0.0039906334 0.0147263408 0.0034305346 0.1754807532  3
-0.0269199219 -0.0469157249 -0.0516818166 0.0058323480 0.0258101672 0.0057405643 0.1704845577  3
-0.0447960272 -0.0746873915 -0.0739346519 0.0101412274 0.0424324349 0.0083531560 0.1663018912  3
-0.0743186027 -0.0999516174 -0.1049829572 0.0162106194 0.0538068451 0.0113193160 0.1555852294  3
-0.0579850115 -0.1224377304 -0.2271909416 0.0112222889 0.0607651584 0.0234782565 0.1431761384  3
-0.1126655862 -0.4020354152 -0.4572131038 0.0221932288 0.2054255903 0.0468540192 0.1389810890  3
-0.8946005702 -1.0946662426 -0.9261435270 0.1469606012 0.4484487772 0.0756777674 0.1118593663  3
0.5776966214 0.6861749887 0.5697374344 -0.2646186352 -0.7890887856 -0.1314552128 0.2562430501  3
-0.0312000085 0.2132335752 0.2898901701 0.0111008482 -0.2388260812 -0.0642377511 0.2456513047  3
-0.0072612064 0.0050325925 0.1141092703 0.0014827002 -0.0102062970 -0.0250800438 0.2409144044  3
0.0586160906 0.0619267151 0.0471644625 -0.0242779497 -0.0659596324 -0.0103436420 0.2421526462  3
0.0402912758 0.0551155061 0.0465190224 -0.0193259791 -0.0668565854 -0.0115003707 0.2693024874  3
0.0045924406 0.0242191032 0.0290159099 -0.0033521182 -0.0317455269 -0.0074308268 0.2638537288  3
0.0099429013 0.0094292257 0.0153010711 -0.0058304225 -0.0159773398 -0.0045616147 0.2717259526  3
-0.0007792116 0.0052989488 0.0043213591 -0.0009389435 -0.0110891415 -0.0020537816 0.2692572176  3
0.0047356905 0.0014677823 0.0002137541 -0.0033966643 -0.0068278122 -0.0011400243 0.2713063359  3
-0.0050189695 -0.0085181268 -0.0072336029 0.0009076158 0.0042324257 0.0004179192 0.2718268633  3
-0.0161773656 -0.0149896126 -0.0098236427 0.0058059786 0.0100150686 0.0007683228 0.2685777545  3
-0.0000404330 -0.0020553113 -0.0022038643 -0.0024931794 -0.0065909289 -0.0012042276 0.2631371021  3
0.0112232920 0.0098399557 0.0044611502 -0.0074352850 -0.0195645504 -0.0026503922 0.2685564756  3
0.0021879631 0.0037334992 0.0011373566 -0.0021874008 -0.0103127565 -0.0015980549 0.2691652775  3
-0.0062269205 -0.0088197682 -0.0067532561 0.0015071409 0.0047894041 0.0003540331 0.2697343230  3
-0.0119530046 -0.0151728718 -0.0149739161 0.0039546373 0.0115281735 0.0022226356 0.2658060491  3
-0.0077782171 -0.0175853875 -0.1176361442 0.0021127781 0.0139662940 0.0247990806 0.2633799613  3
-0.0164482910 -0.2624568641 -0.3219771683 0.0057871481 0.2816396654 0.0692978054 0.2617087960  3
-0.6321772933 -0.7620927095 -0.6344988942 0.2666110992 0.8020033836 0.1332789660 0.2547706366  3
-0.2253932953 -0.5432619452 -0.6538301706 -0.0320936963 -0.0114437789 0.0095498972 0.0837491974  3
-1.4381792545 -1.7289053202 -1.4797469378 0.0933959335 0.2220387459 0.0333499610 0.0453961343  3
0.3571508825 0.6836561561 0.6827356815 -0.0450813174 -0.2156996429 -0.0431689061 0.0839354619  3
0.0727861896 0.2061408609 0.3158382773 -0.0109239025 -0.0744531229 -0.0225003976 0.0924702436  3
0.0432869494 0.0752193183 0.1157073900 -0.0072480789 -0.0311223883 -0.0091921296 0.0973965749  3
0.0312451124 0.0457087308 0.0479222797 -0.0056744870 -0.0211121924 -0.0044224691 0.1009022444  3
0.0097286412 0.0169413481 0.0150267929 -0.0024990805 -0.0105287898 -0.0019945195 0.1037019789  3
-0.0075624986 -0.0163163356 -0.0143951047 0.0001584770 0.0022303814 0.0002653631 0.1029200032  3
-0.0357374027 -0.0459139198 -0.0372711495 0.0044119605 0.0133942990 0.0019929328 0.1021453142  3
-0.0381260328 -0.0474525318 -0.0937489495 0.0043928786 0.0128055792 0.0057947817 0.0956191868  3
-0.0042366302 -0.1466221660 -0.2782472372 -0.0003730741 0.0474113934 0.0187139958 0.0948541537  3
-0.3197790384 -0.6168204546 -0.6214211583 0.0437847823 0.2126055062 0.0428410880 0.0948154628  3
-0.0911191702 -0.3474951684 -0.3906833231 -0.0351611711 0.0996125713 0.0338423476 0.2090978920  3
-0.7323566079 -0.8941316605 -0.7527994514 0.2181686014 0.6004454494 0.0955874994 0.1842541248  3
0.6802027822 0.8188947439 0.6835387945 -0.2276028097 -0.6863461733 -0.1148054972 0.2035181373  3
0.0118305739 0.2791067958 0.3432590663 -0.0050829058 -0.2409288734 -0.0591258779 0.2065864503  3
0.0039707478 0.0075585390 0.1150582284 -0.0024673964 -0.0109163243 -0.0206505265 0.2084062099  3
-0.0007730315 -0.0037094634 -0.0043867729 -0.0008887497 -0.0014563847 -0.0002163126 0.2082415074  3
-0.0117103271 -0.0174875539 -0.0161163732 0.0027908471 0.0101074176 0.0017547663 0.2080842555  3
-0.0199773982 -0.0261924174 -0.0236776359 0.0053974143 0.0168779604 0.0029267964 0.2033680379  3
-0.0137752779 -0.0233426299 -0.0254086796 0.0032941154 0.0142209595 0.0031380111 0.1999587268  3
-0.0105992975 -0.0235691015 -0.0264761578 0.0022445023 0.0142105911 0.0032653564 0.1978590637  3
-0.0240573827 -0.0318097621 -0.0328607894 0.0064239651 0.0204673242 0.0042205621 0.1957643926  3
-0.0215014052 -0.0371901654 -0.1489441693 0.0053490368 0.0234796163 0.0216056108 0.1884399056  3
-0.0250838250 -0.3084939122 -0.3715100288 0.0063909991 0.2281931639 0.0551051199 0.1876609474  3
-0.7332167625 -0.8744518757 -0.7315205932 0.2087437660 0.6210778356 0.1037030742 0.1790253967  3
0.8485345244 1.0171275139 0.8453114033 -0.0236323699 -0.0712925494 -0.0117950290 0.1243627369  3
0.0009272609 0.3485603333 0.4331214726 -0.0012627920 -0.0278439280 -0.0065252297 0.1218152568  3
0.0031939652 0.0003435593 0.1316423416 -0.0017244268 -0.0045990027 -0.0018862649 0.1245886460  3
-0.0065394486 -0.0278569330 -0.0382674746 0.0001159403 0.0087242806 0.0026972957 0.1226111203  3
-0.0596270785 -0.0866951048 -0.1649782211 0.0102239316 0.0367617756 0.0147786932 0.1229850277  3
0.7554670572 0.9200227857 0.7775757909 -0.1786311269 -0.5451676846 -0.0923640132 0.1479092985  3
0.0023882720 0.3227590621 0.4097069800 -0.0017324255 -0.1905269623 -0.0481635220 0.1452916116  3
0.0323066264 0.0437894315 0.1669245362 -0.0087188734 -0.0302198324 -0.0206361283 0.1486032903  3
0.0407983698 0.0568029545 0.0462161116 -0.0111054238 -0.0392762199 -0.0066038701 0.1548933536  3
0.0282577313 0.0348407477 0.0276366118 -0.0083444519 -0.0267968569 -0.0044854810 0.1612420827  3
-0.0084605506 -0.0106619531 -0.0074858018 0.0010624306 0.0023652534 0.0000213055 0.1640060246  3
-0.0388266146 -0.0470397808 -0.0364537090 0.0085750949 0.0249064304 0.0036226648 0.1584669203  3
-0.0325811170 -0.0474176593 -0.1642714441 0.0066661262 0.0238520037 0.0187874865 0.1517005563  3
-0.0130926669 -0.3257455826 -0.4099345505 0.0019814663 0.1869687140 0.0472404622 0.1485817730  3
-0.7588558793 -0.9297860265 -0.7881378531 0.1763423830 0.5390856862 0.0912032574 0.1478098929  3
1.0546488762 1.2911636829 1.0888850689 -0.0829930529 -0.2548704147 -0.0431435555 0.0543375351  3
0.0173444394 0.5363693833 0.6616868377 -0.0020307875 -0.0925223380 -0.0226984601 0.0465723574  3
0.0630421266 0.0563737042 0.2165979147 -0.0059280554 -0.0148394527 -0.0094354236 0.0559530780  3
0.0004313521 0.0239517093 0.0140675018 -0.0009369701 -0.0081778467 -0.0012882901 0.0536271594  3
-0.0064734663 -0.0243257787 -0.0061456538 -0.0003837428 0.0012388413 -0.0005053938 0.0559993424  3
-0.0511072241 -0.0344110951 -0.0296832658 0.0029401486 0.0028929994 0.0003716087 0.0529021397  3
0.0240912065 -0.0048143389 -0.0489533655 -0.0026011253 -0.0026545043 0.0010167599 0.0505919792  3
-0.0061958944 -0.0921324790 -0.1958595067 -0.0003903820 0.0145690562 0.0069672689 0.0553397834  3
-0.2660899162 -0.5108642578 -0.5447568297 0.0178997051 0.0867562518 0.0185326412 0.0499062203  3
-1.2798957825 -1.7208054066 -1.5518556833 0.0506122485 0.1696141958 0.0305049773 0.0287806988  3
2.3611161709 2.9060366154 2.4639639854 -0.1104518920 -0.3408445418 -0.0579641201 0.0325149968  3
-2.4892745018 -3.0176129341 -2.5136890411 0.1200965345 0.3630314171 0.0603150204 0.0342141576  3
8.1533660889 9.9010677338 8.1687564850 0.0578376837 0.1712620109 0.0287480075 0.0049892175  3
-0.0861695260 3.0298435688 2.6266517639 -0.0003541149 0.0600602403 0.0192011409 0.0048936964  3
-0.6675848961 -4.3927249908 -3.5626072884 0.0029070312 0.0597867817 0.0191582181 0.0041458425  3
61.6663703918 74.8954849243 62.3899879456 0.0541722551 0.1635608971 0.0270845909 -0.0006417075  3
2.1878514290 2.7839908600 2.3961837292 -0.0590159409 -0.1886961907 -0.0326446556 0.0185547620  3
0.1285619587 0.7794844508 0.9537890553 -0.0055170273 -0.0720813498 -0.0174989756 0.0243070535  3
0.0210621972 0.0598623492 0.3127131462 -0.0017591488 -0.0093904249 -0.0064214533 0.0248046871  3
-0.0180529803 -0.0295330081 -0.0159112718 -0.0003505578 -0.0013956429 -0.0005651224 0.0253519360  3
-0.0619055629 -0.0873544812 -0.2381878942 0.0010656059 0.0033165833 0.0032048046 0.0238893311  3
-0.0804520771 -0.5235528946 -0.7948290706 0.0015349213 0.0377011485 0.0118506392 0.0223941710  3
-1.1943762302 -1.9319083691 -1.8379551172 0.0335327536 0.1356874108 0.0257453863 0.0202860162  3
-0.1706658453 -0.1938148141 -0.1536319107 -0.0178836361 -0.0496924743 -0.0076901955 -0.0817311779  3
-0.0210993662 -0.0715859011 -0.0552668013 -0.0013001984 -0.0149470046 -0.0021002337 -0.0768181458  3
0.0438607149 0.0885236412 0.0628292114 0.0055797105 0.0271902084 0.0041123442 -0.0784895495  3
0.1446303874 0.1741920114 0.1415046901 0.0172598436 0.0529003851 0.0087685790 -0.0837033615  3
1.2584218979 1.5156695843 1.2642550468 -0.1490334868 -0.4475837946 -0.0744766593 0.0783162192  3
0.0606482513 0.5055088401 0.4131019711 -0.0069841286 -0.1631296426 -0.0264232252 0.0864487588  3
0.0023733049 -0.4187592268 -0.3469764292 0.0007258757 0.1472204328 0.0246254019 0.0888021514  3
-1.1353858709 -1.3562593460 -1.1230123043 0.1524583846 0.4564808607 0.0757984668 0.0868702680  3
0.7886862755 0.9506237507 0.7913141251 -0.3294235170 -0.9912600517 -0.1647833884 0.2391131818  3
0.0104302997 0.3149160743 0.2624379992 -0.0033260819 -0.3348048329 -0.0554767586 0.2449006140  3
-0.0036286740 -0.3075039983 -0.2564253807 0.0027503951 0.3362577558 0.0564108603 0.2442219555  3
-0.7754347324 -0.9324852824 -0.7755321264 0.3335532248 1.0042580366 0.1672982424 0.2431282103  3
-24.0178565979 -28.8639144897 -23.9976444244 -0.1140971109 -0.3401614428 -0.0561364368 -0.0033428723  3
1.1252889633 2.4015984535 2.3346176147 -0.0419718511 -0.2275974602 -0.0441261232 0.0267382096  3
0.3531551063 0.5147917271 0.7070664167 -0.0277415924 -0.1003672853 -0.0282841139 0.0568335541  3
0.0435594730 0.2418190241 0.3317637742 -0.0020262382 -0.0517823063 -0.0148409698 0.0668803304  3
0.2319616228 0.3457426727 0.3786784708 -0.0197259896 -0.0727172270 -0.0160035528 0.0626600981  3
0.2311409265 0.3037686646 0.2865571380 -0.0320177190 -0.1035216153 -0.0193324778 0.0959498063  3
0.1305951923 0.2483894229 0.2432693541 -0.0194173791 -0.0941398144 -0.0183199476 0.1070159525  3
0.1317549050 0.1788012981 0.1810859144 -0.0233289693 -0.0776441991 -0.0156827308 0.1239013448  3
0.0627165362 0.1017216817 0.1033509225 -0.0114616808 -0.0467768721 -0.0094731143 0.1396651715  3
0.0118384799 0.0387617499 0.0535280295 -0.0002603702 -0.0122321509 -0.0040269163 0.1414199769  3
0.0111632971 0.0183304623 0.0284483358 -0.0002481960 -0.0010191246 -0.0011582230 0.1430135667  3
0.0116625633 0.0207831115 0.0387688577 -0.0002623629 -0.0011687637 -0.0021879082 0.1446129829  3
0.0173796527 0.0647927821 0.0780479088 -0.0003958657 -0.0247143339 -0.0065649748 0.1463866830  3
0.1131396070 0.1494949907 0.1251650155 -0.0236663036 -0.0768388510 -0.0124636944 0.1497012824  3
0.1083459258 0.1216855496 0.0994971916 -0.0298080351 -0.0793689266 -0.0124129020 0.1802609712  3
-0.0061470862 0.0267059617 0.0412002280 0.0045070336 -0.0107207140 -0.0042396598 0.1887623668  3
-0.0258916244 -0.0131614869 0.0116394656 0.0101430267 0.0197401568 0.0003986801 0.1779402941  3
0.0251730289 0.0201359000 0.0226245672 -0.0050072805 -0.0048919516 -0.0012563437 0.1795480400  3
0.0246338379 0.0453279763 0.0310782380 -0.0050463500 -0.0249258578 -0.0026922899 0.1869798303  3
0.0395036452 0.0352098867 0.0337453708 -0.0098027596 -0.0173013657 -0.0031664828 0.1887601018  3
-0.0143833486 0.0041937209 0.0124829998 0.0074229236 0.0066009532 0.0000104283 0.2018932551  3
0.0025569485 0.0094311964 0.0121071534 0.0016255402 0.0027029510 0.0002456661 0.1829522997  3
0.0309716761 0.0201901849 0.0182241984 -0.0079672933 -0.0068978411 -0.0009562969 0.2028288543  3
-0.0142894490 0.0108447531 0.0070911837 0.0073308293 0.0017013802 0.0010314233 0.1955161989  3
0.0233546533 0.0074394289 0.0048151026 -0.0050532287 0.0045623654 0.0014288248 0.1972412169  3
-0.0134361722 -0.0172235183 -0.0230751280 0.0073731774 0.0256768651 0.0062301955 0.2047291994  3
-0.0413077809 -0.0553078391 -0.0469090566 0.0158140175 0.0547570661 0.0097115887 0.1917396635  3
-7.9214296341 -9.8627882004 -8.4892616272 -0.1546842605 -0.4793502986 -0.0821761265 -0.0137806963  3
0.6463702917 0.9562548995 0.8832410574 -0.1195630059 -0.4417074919 -0.0813717395 0.1191054210  3
0.1540933996 0.3921206295 0.4616173506 -0.0322982520 -0.2113682330 -0.0500621460 0.1401917189  3
0.1062081456 0.1487185061 0.2156379074 -0.0257548206 -0.0889681503 -0.0266011320 0.1623106599  3
0.0244258847 0.0872378498 0.1117310897 -0.0046575777 -0.0532488041 -0.0140918810 0.1746691465  3
0.0721290931 0.1128903106 0.1181580722 -0.0178700201 -0.0697179139 -0.0146018565 0.1708435565  3
0.0968539789 0.1171600223 0.1002523601 -0.0300059151 -0.0884242356 -0.0147758396 0.1993147284  3
0.0355577320 0.0631462336 0.0674560070 -0.0102118021 -0.0463381857 -0.0099558085 0.2094524056  3
-0.0052957512 0.0214711484 0.0428242050 0.0043249289 -0.0099979620 -0.0058028507 0.2142100334  3
0.0305018984 0.0468062684 0.0496704131 -0.0083471434 -0.0315876789 -0.0067323376 0.2071835995  3
0.0561569296 0.0663137808 0.0632935241 -0.0194889251 -0.0550177917 0.0014961365 0.2268490195  3
0.0249729808 0.0626255125 0.1710774153 -0.0075903926 0.0893532112 0.0090495301 0.2326618880  3
0.0506008416 0.3180122972 0.2313389331 0.1245695874 0.1796836108 0.0475581922 0.2384695411  3
1.1211220026 1.3560407162 1.1374146938 -0.3080387115 -0.9287347794 -0.1553483903 0.1666885614  3
0.0917514414 0.4667094648 0.5408566594 -0.0282049328 -0.3821480274 -0.0888114944 0.1975102127  3
0.0361096375 0.0780820325 0.2233904004 -0.0100876279 -0.0577361733 -0.0366532244 0.2029322535  3
0.0322197862 0.0507025197 0.0595942624 -0.0093226228 -0.0364620388 -0.0088128326 0.2121658325  3
0.0272094067 0.0416943468 0.0437952839 -0.0076810513 -0.0290586837 -0.0061233537 0.2166041285  3
0.0176583417 0.0325724185 0.0369716883 -0.0043720468 -0.0216719061 -0.0051077395 0.2239531726  3
0.0197484344 0.0341936983 0.0393811129 -0.0052036019 -0.0233241115 -0.0055901096 0.2245134115  3
0.0273607150 0.0445754230 0.0434947647 -0.0085992431 -0.0352277830 -0.0067437040 0.2328207493  3
0.0369694419 0.0485998914 -0.0138688320 -0.0128281415 -0.0403679758 0.0267027020 0.2372536957  3
0.0196268763 -0.1010214165 -0.1320756972 -0.0061526662 0.3853409588 0.0967966467 0.2503630221  3
-0.3311819434 -0.3837685883 -0.3140134215 0.4089070261 1.2096213102 0.2001125515 0.2470813841  3
0.5986849070 0.6893880367 0.5560231209 -0.5574891567 -1.6556708813 -0.2735545039 0.1742275059  3
-0.5476976037 -1.4296935797 -1.5820581913 -0.0224189945 -0.1518360227 -0.0337110534 -0.0310214330  3
-0.0161892120 -0.4102416337 -1.0078333616 0.0016024233 -0.0261245444 -0.0152735729 -0.0232959911  3
-0.2031183243 -0.3864085376 -0.5299485922 -0.0067674201 -0.0337573998 -0.0097295810 -0.0302671455  3
-1.5059444904 -2.1836395264 -2.1165764332 -0.0220994111 -0.0782611519 -0.0149876298 -0.0110003678  3
7.2510581017 10.7972259521 9.8475570679 -0.0274558291 -0.1023844182 -0.0185012203 0.0028647401  3
0.6291616559 0.8861487508 0.8895350695 -0.0256402511 -0.0897681490 -0.0180687811 0.0305444263  3
0.2048476040 0.4577212036 0.5024402142 -0.0105941370 -0.0616835169 -0.0136073837 0.0412995033  3
0.2343124300 0.3363827467 0.3507189751 -0.0147265112 -0.0518835001 -0.0107168183 0.0474646352  3
0.1449814439 0.1912306547 0.1957166940 -0.0119318888 -0.0376663990 -0.0076746950 0.0635426119  3
0.0126224095 0.0988160893 0.1260876209 0.0010909016 -0.0157731716 -0.0044707744 0.0658896342  3
0.0804622993 0.1128433049 0.1109006256 -0.0072441869 -0.0242102109 -0.0046464740 0.0766926706  3
0.0501933619 0.1077234149 0.1202360168 -0.0036679555 -0.0230062921 -0.0052885506 0.0775477216  3
0.0820175707 0.1255898774 0.1326465160 -0.0084658433 -0.0320648998 -0.0068045016 0.0844774321  3
0.0959917828 0.1421904266 0.1340072155 -0.0114984009 -0.0417955592 -0.0076822382 0.0914049894  3
0.2204753757 0.2798608840 0.2402025014 -0.0371960737 -0.1164260358 -0.0196802001 0.1125376523  3
0.0117687145 0.0982002765 0.1240538955 -0.0000636133 -0.0363693200 -0.0095684649 0.1151860878  3
0.0121778315 0.0215774812 0.0221224781 -0.0000667021 -0.0013245400 -0.0002535348 0.1166966856  3
0.0228427742 0.0283177812 0.0241245795 -0.0021848308 -0.0047661653 -0.0004741923 0.1180910617  3
0.0126464311 0.0177023485 0.0151455803 -0.0003305100 0.0000039455 0.0003434338 0.1220917404  3
-0.0031548380 -0.0011663398 0.0036451321 0.0028493050 0.0095412442 0.0015127904 0.1211791113  3
-0.0093364427 -0.0065554744 -0.0145544130 0.0041682646 0.0124381715 0.0034712371 0.1213271394  3
0.0055455058 -0.0268302541 -0.0233279765 0.0012513264 0.0237123258 0.0045316741 0.1189135835  3
-0.0665517971 -0.0520997271 -0.0344002135 0.0170866232 0.0395526700 0.0060735298 0.1226460114  3
-0.0030156311 -0.0039515565 -0.0046405676 0.0040489184 0.0146736857 0.0029532074 0.1025889590  3
0.0636545271 0.0450288653 0.0084804073 -0.0103433440 -0.0116452640 0.0015980374 0.1220272705  3
-0.0126048028 -0.0281489138 -0.0382695496 0.0049108281 0.0248620603 0.0062023667 0.1181241348  3
-0.1100584194 -0.1272827983 -0.0821769089 0.0253256354 0.0761632994 0.0107809408 0.1190494075  3
0.0942357779 0.0769216046 0.0496171229 -0.0124071036 -0.0190874096 -0.0015048676 0.0986721218  3
0.0956130996 0.1265309155 0.0876871869 -0.0145812873 -0.0464100875 -0.0054869023 0.1105162427  3
0.0377883427 0.0602191687 0.0561282858 -0.0047668964 -0.0175436009 -0.0029398478 0.1198057234  3
-0.0132542159 -0.0122668296 -0.0001684839 0.0066530872 0.0209258310 0.0029546260 0.1195707619  3
-0.0430785306 -0.0514000207 -0.1333886385 0.0123161152 0.0394637808 0.0170005243 0.1166360900  3
-0.0306231882 -0.2908341885 -0.3458011448 0.0081536043 0.1574195623 0.0373523608 0.1095217392  3
-0.6176695228 -0.7479090691 -0.6262192726 0.1287566721 0.3923506439 0.0662739575 0.1099282801  3
-1.2696839571 -1.5765892267 -1.3432006836 -0.0335617326 -0.1049918160 -0.0180280600 -0.0189738292  3
-0.5968753099 -1.5459030867 -1.6622862816 -0.0088426191 -0.0552290902 -0.0118634496 -0.0098169325  3
-0.2936413586 -0.6289576888 -1.0403525829 -0.0037661057 -0.0190242361 -0.0058818790 -0.0072548590  3
-0.2316944450 -0.2220872492 -0.1623768508 -0.0026344424 -0.0077138222 -0.0013482625 -0.0055562793  3
0.3461643159 0.7323667407 1.4385161400 0.0013285703 0.0081528490 0.0038570845 -0.0046801409  3
0.7521322370 1.8298012018 1.9026449919 0.0081137000 0.0512285978 0.0106534874 -0.0087964749  3
1.4172990322 1.7556195259 1.4621570110 0.0334830433 0.1028886139 0.0169906169 -0.0179123655  3
-0.1638439447 -0.1917477101 -0.1504805237 0.0170952361 0.0456489734 0.0056758150 0.1885607690  3
0.0272671543 -0.0362022892 -0.0594544858 -0.0102692861 -0.0090360278 0.0002650388 0.1945137829  3
0.0134672625 0.0208753161 -0.0103224469 -0.0057163383 -0.0222921651 -0.0020340288 0.1991684437  3
-0.0013712570 -0.0001907765 0.0007707598 -0.0005437564 -0.0039026551 -0.0009810938 0.1998782903  3
-0.0214350615 -0.1732587665 -0.1916235685 0.0063418001 0.1488130838 0.0333098061 0.1954194605  3
-0.3891781271 -0.4360378683 -0.3463335633 0.1326952130 0.3739282787 0.0596384034 0.1902426183  3
0.3834325671 0.3577091098 0.2370249480 -0.0596415699 -0.1412184983 -0.0190888755 0.1024351865  3
-1.7397192717 -1.5018022060 -0.9521428347 0.0945218578 0.2020340264 0.0252500139 0.0388028473  3
1729.7813720703 2160.4396972656 1862.0987548828 -0.0868632942 -0.2719461620 -0.0470077619 0.0000359371  3
0.6376835108 0.9512705207 0.8652675748 -0.0623950101 -0.2333329916 -0.0425784476 0.0668131486  3
0.1351220161 0.3169895411 0.3811635673 -0.0176911242 -0.1023611650 -0.0245552920 0.0852472186  3
0.0212908741 0.0579975545 0.1252209693 -0.0037321318 -0.0227966495 -0.0090293074 0.0898507014  3
-0.0260120165 -0.0174015760 0.0092340810 0.0024262017 0.0018652357 -0.0013869063 0.0890732184  3
-0.0135429651 -0.0162352957 -0.0090010371 0.0007428799 0.0012962004 -0.0002187342 0.0852167532  3
0.0134426393 0.0072885389 -0.0042712479 -0.0026142567 -0.0059809382 -0.0004999645 0.0867650434  3
0.0045958157 -0.0050141909 -0.0195709448 -0.0014980232 -0.0020714467 0.0004789719 0.0875494555  3
-0.0350411758 -0.0578567311 -0.1711576730 0.0035432081 0.0147377132 0.0101708984 0.0875697657  3
-0.0851408467 -0.4063012004 -0.4724688828 0.0091134571 0.1165690571 0.0272118580 0.0814123601  3
-0.8922288418 -1.1084986925 -0.9404010177 0.0943303928 0.2921416461 0.0494213179 0.0737067312  3
1.3130313158 1.6096196175 1.3580536842 0.0866786614 0.2647897601 0.0445358753 -0.0501141809  3
0.5977510810 0.7162367105 0.5923231244 -0.2324645072 -0.6979406476 -0.1157502681 0.2271586061  3
-0.0240046028 0.2041289061 0.2690841854 0.0075463313 -0.1995016336 -0.0522321686 0.2228668332  3
-0.0524382852 -0.0669484809 0.0468095690 0.0171113983 0.0537726507 -0.0100134360 0.2164589465  3
-0.0408546738 -0.0604267120 -0.0586811155 0.0118895043 0.0436535664 0.0084208567 0.2001653612  3
-0.0126545541 -0.0357638635 -0.0440139249 0.0029759719 0.0241742935 0.0061054444 0.2001035661  3
-0.0238289908 -0.0359635018 -0.0421365164 0.0063055912 0.0235583577 0.0056261523 0.1951009184  3
-0.0299307201 -0.0464052334 -0.0446336418 0.0079585323 0.0307229590 0.0058453097 0.1908054501  3
-0.0330194533 -0.0482034013 -0.0476398803 0.0084752254 0.0305801239 0.0060017733 0.1836790293  3
-0.0240322743 -0.0408266261 -0.0443461910 0.0056920536 0.0244202577 0.0053405003 0.1786754876  3
-0.0204685237 -0.0384225659 -0.0455946513 0.0045792144 0.0221747905 0.0053776824 0.1750910729  3
-0.0312343277 -0.0524636097 -0.0510251559 0.0073205731 0.0309385583 0.0059637488 0.1715077758  3
-0.0498674773 -0.0607743263 -0.0539422892 0.0116698947 0.0346253477 0.0060265367 0.1643772125  3
-0.0207828451 -0.0369080380 -0.0414801575 0.0039751939 0.0180747472 0.0041280407 0.1551136225  3
0.0021030353 -0.0181919690 -0.0312984809 -0.0014722224 0.0072088465 0.0030025900 0.1579298079  3
-0.0296781342 -0.0411090329 -0.0460818633 0.0061603375 0.0208284650 0.0047268993 0.1557778865  3
-0.0477217585 -0.0716749281 -0.0717518553 0.0099287704 0.0370171294 0.0073764967 0.1486834139  3
-0.0552883781 -0.0955152437 -0.1896222681 0.0109753069 0.0476984009 0.0197392609 0.1415870190  3
-0.0831230879 -0.3571898639 -0.4054076374 0.0157729238 0.1770183295 0.0402692929 0.1330271810  3
-0.7436613441 -0.8961342573 -0.6915512681 0.1332602650 0.4003594220 0.0615492351 0.1194717586  3
1.7665873766 1.7842897177 1.3630867004 0.1052161753 0.2641253769 0.0401334353 -0.0446658693  3
-1.2367244959 -0.6277263165 -0.1383457035 -0.0652215108 -0.0855644569 -0.0044389442 -0.0383405685  3
0.8818681240 1.0862332582 0.6476992965 -0.0647549778 -0.2003207505 -0.0242542978 0.0501675718  3
0.0066835885 0.3694337904 0.4415839911 -0.0013952248 -0.0705052242 -0.0167564824 0.0501417927  3
0.0275139548 -0.0318942592 -0.0764739960 -0.0029340428 0.0021237496 0.0020174289 0.0508378260  3
-0.1357444227 -0.5473009944 -0.6198275685 0.0094070081 0.1008493677 0.0229165014 0.0529392920  3
-1.6306043863 -1.9575091600 -1.6235406399 0.0840182602 0.2511950135 0.0415066183 0.0364653990  3
74.0158691406 87.4655532837 74.1429595947 -0.0513794906 -0.1526655704 -0.0260100849 0.0004852304  3
0.1828941405 1.7113827467 2.0239410400 -0.0031584327 -0.0579350255 -0.0136097083 0.0090221586  3
-0.1622079909 0.0168384966 1.2641812563 0.0000931488 -0.0033361756 -0.0040315497 0.0037854302  3
-0.0337041281 -0.4444406629 -0.5099802613 -0.0003756496 0.0092087276 0.0021717227 0.0077941045  3
-2.3069107533 -2.8813118935 -3.9662735462 0.0098386733 0.0300735645 0.0084810415 0.0032600432  3
1.1285880804 2.9738595486 3.0758373737 0.0106958235 0.0724048913 0.0149726914 -0.0072471532  3
2.2905156612 2.8677616119 2.4678547382 0.0410896242 0.1279386878 0.0219105575 -0.0130980583  3
-3.2713294029 -3.9933700562 -3.3688657284 -0.1332724392 -0.4075200856 -0.0688966140 -0.0291166976  3
0.6467565894 0.8380742073 0.7256438136 -0.1270027012 -0.4124085009 -0.0715750456 0.1253979057  3
0.0396561436 0.2797478139 0.3531225622 -0.0091102943 -0.1491596997 -0.0375312530 0.1330871433  3
0.0104427766 0.0255650058 0.1221875399 -0.0031319046 -0.0171524938 -0.0137621835 0.1359533519  3
0.0042076851 0.0110479416 0.0189721119 -0.0017543720 -0.0093214028 -0.0027307591 0.1359266043  3
0.0086848577 0.0164551716 0.0208856333 -0.0026830435 -0.0121169649 -0.0029280265 0.1370972246  3
0.0194249135 0.0319419429 0.0223240443 -0.0050008679 -0.0204638075 -0.0030874847 0.1383079439  3
0.0314496942 0.0210918672 0.0162153095 -0.0078039574 -0.0149695631 -0.0024803916 0.1424704641  3
-0.0280812476 -0.0166895688 -0.0088113798 0.0056810570 0.0064086164 0.0003443882 0.1472692490  3
-0.0175432451 -0.0209457874 -0.0159090720 0.0028547859 0.0077262819 0.0009941462 0.1341994554  3
0.0127441129 -0.0054901368 -0.1271690577 -0.0036340412 -0.0001269093 0.0135817071 0.1425606608  3
-0.0234778058 -0.3058254719 -0.3795475960 0.0042525916 0.1619351059 0.0403168127 0.1378330737  3
-0.7401570082 -0.8978165388 -0.7492803931 0.1569001526 0.4749632776 0.0791399777 0.1360886246  3
1.4667476416 1.7773714066 1.4943951368 -0.1240117624 -0.3768320382 -0.0635553300 0.0545027703  3
0.0794875771 0.6849658489 0.8056897521 -0.0078491317 -0.1501361877 -0.0352130160 0.0553248003  3
0.0948200524 0.1041000560 0.2880633771 -0.0103472061 -0.0297748856 -0.0150183225 0.0632980391  3
0.0010670379 0.0158044901 0.0135279503 -0.0011830550 -0.0084137870 -0.0015996350 0.0673286468  3
-0.0549381413 -0.0703139603 -0.2085385472 0.0043266756 0.0130220810 0.0093330769 0.0634417236  3
-0.0704662874 -0.4974974990 -0.6348026991 0.0055385781 0.1115294695 0.0286496636 0.0603579059  3
-1.1482229233 -1.5307722092 -1.3487846851 0.0957807004 0.3185470104 0.0559997559 0.0549353287  3
-0.5020934343 -0.6903807521 -0.6046488881 -0.0308064912 -0.1063907817 -0.0187508035 -0.0417295583  3
0.0474967584 -0.1307129264 -0.1371683031 0.0023070881 -0.0243847929 -0.0051279650 -0.0454934873  3
0.0383070447 0.2628385425 0.2531096935 0.0017368665 0.0399965160 0.0076453588 -0.0460511446  3
0.5012291074 0.6631702185 0.5856859088 0.0341568924 0.1124612987 0.0197679587 -0.0490216538  3
0.1156982481 0.1319243461 0.0687259510 -0.0539775416 -0.1567039788 -0.0209236275 0.2406031042  3
0.0306192469 0.0150284311 0.0027295321 -0.0179184750 -0.0685714781 -0.0126098469 0.2563707530  3
-0.1322848797 -0.1417926252 -0.0966097265 0.0221744254 0.0439037643 0.0018677304 0.2563028634  3
-0.5718447566 -0.1817133427 0.0542827286 -0.0068133511 -0.0104922345 -0.0010782334 -0.0063941544  3
-14.4304895401 -10.7650613785 -6.0167551041 -0.0449845567 -0.0883565024 -0.0106252264 -0.0021089092  3
-102.4123306274 -87.6016769409 -58.5672798157 0.0425619707 0.0871533602 0.0110888705 0.0003087190  3
0.6721279025 0.8124569058 0.6757363677 -0.2256673127 -0.6837844849 -0.1140550002 0.1979660541  3
0.0174074024 0.2668281496 0.3261678219 -0.0075844042 -0.2389084101 -0.0582217835 0.2056230605  3
-0.0148796020 -0.0133581674 0.0936750397 0.0035583747 0.0052308352 -0.0176370870 0.2051247805  3
-0.0216783714 -0.0316166282 -0.0305898320 0.0056789755 0.0201546066 0.0038080032 0.1995187104  3
-0.0207030363 -0.0429954492 -0.0503194816 0.0052428949 0.0290761776 0.0069653080 0.1964742988  3
-0.0452404916 -0.0740155950 -0.0814502910 0.0128767174 0.0527955070 0.0114957895 0.1913834810  3
-0.0783065706 -0.1230069697 -0.1248714551 0.0216138512 0.0824443921 0.0165910888 0.1791577339  3
-0.1125203297 -0.1732943654 -0.2045524418 0.0261388849 0.1023051739 0.0247759465 0.1633250266  3
-0.1402657926 -0.3050563037 -0.3171333671 0.0282799732 0.1613311619 0.0338175483 0.1424029619  3
-0.4075037539 -0.5195724964 -0.4305824041 0.0778663233 0.2448149025 0.0401425362 0.1233764961  3
-0.9493516088 -1.0474257469 -0.8751253486 0.0575458147 0.1569651514 0.0258297548 0.0418501943  3
0.4588381350 0.1819286644 -0.3044104576 -0.0314073265 -0.0353899188 0.0087663382 0.0439153947  3
0.2362024933 -0.0531831123 -0.2778365314 -0.0311592463 0.0110124014 0.0162891150 0.0821503103  3
-0.8447503448 -0.9464191198 -0.7596464753 0.1058011353 0.2945741713 0.0470036753 0.0827236101  3
0.4942418337 0.3305232823 0.1627701819 -0.2332425117 -0.4132560790 -0.0444585271 0.2483895719  3
-0.6901478171 -0.6118277907 -0.4224574268 0.2844127417 0.6127874851 0.0825000256 0.2366652340  3
0.9735891819 1.3604881763 1.1728060246 -0.0450183041 -0.1582836509 -0.0275579989 0.0292627458  3
0.0381160788 0.3834916055 0.5260096192 -0.0037174758 -0.0536804646 -0.0142378323 0.0317810848  3
-0.0139870830 -0.0208151247 -0.2117136121 -0.0010985618 -0.0046837428 0.0019671365 0.0316854864  3
-0.0638892055 -0.9041361809 -1.0982631445 0.0012342981 0.0795488954 0.0194380861 0.0308947098  3
-2.3592958450 -2.8551151752 -2.3947246075 0.0780625939 0.2351223379 0.0392457694 0.0277378093  3
0.0108247288 0.0166658405 0.0305797681 -0.0006836562 -0.0038224950 -0.0030890719 0.2127567381  3
0.0078461235 0.0202154666 0.0236542039 -0.0011986041 -0.0094415946 -0.0023506687 0.2118254155  3
0.0235019680 0.0330893435 0.0291805398 -0.0063802684 -0.0220583230 -0.0035477972 0.2160807550  3
0.0272827074 0.0305792242 0.0270551201 -0.0081240721 -0.0204153974 -0.0034126334 0.2219820619  3
-0.0009674612 0.0105998563 0.0174468365 0.0022457391 -0.0025798045 -0.0018121807 0.2281932980  3
0.0019513587 0.0132868625 0.0181479752 0.0010830496 -0.0056882701 -0.0019628454 0.2215405256  3
0.0293161850 0.0300560184 0.0257160515 -0.0101431562 -0.0232922267 -0.0037006047 0.2290579081  3
0.0142524531 0.0247752313 0.0209983196 -0.0041131335 -0.0184801370 -0.0028258597 0.2349707335  3
0.0048385407 0.0096620386 0.0133796064 -0.0000663703 -0.0022894458 -0.0011876443 0.2357557267  3
0.0002712960 0.0035251086 0.0071840058 0.0019560042 0.0043578073 0.0001372542 0.2372521609  3
0.0034822309 0.0074665234 0.0077209454 0.0005110259 0.0000251703 0.0000172960 0.2358844578  3
0.0112849511 0.0120452074 0.0097954692 -0.0029536451 -0.0051715146 -0.0004638370 0.2388949692  3
0.0040642540 0.0070385723 0.0061607813 0.0002241128 0.0003164071 0.0003307899 0.2412762940  3
-0.0017086247 -0.0003925367 0.0019375446 0.0028213514 0.0086866422 0.0012922134 0.2408561856  3
-0.0016381762 -0.0010355749 0.0015263751 0.0028161709 0.0095344512 0.0014096074 0.2404532284  3
0.0024027487 0.0053756395 0.0050339685 0.0010832069 0.0026048725 0.0006627415 0.2400683761  3
0.0102089783 0.0111252628 0.0091199428 -0.0023745189 -0.0037357684 -0.0002262052 0.2416068763  3
0.0049383668 0.0082631726 0.0081847422 -0.0000704316 -0.0005723122 -0.0000112897 0.2450014949  3
0.0007165209 0.0047404324 0.0056928676 0.0019440919 0.0037414078 0.0006114336 0.2440266907  3
0.0054304707 0.0047676074 0.0057384474 -0.0000764867 0.0040203491 0.0006342832 0.2453511953  3
0.0003435480 0.0046874508 0.0043129497 0.0022292442 0.0040229801 0.0009468638 0.2466914356  3
0.0056574121 0.0053599724 0.0041333581 -0.0003582062 0.0028768464 0.0009463695 0.2455206960  3
0.0017123799 0.0006734955 -0.0007943033 0.0013726574 0.0080801509 0.0020551207 0.2494694591  3
-0.0074006813 -0.0086587649 -0.0059938133 0.0056712944 0.0189558864 0.0032667147 0.2463750690  3
-0.0085987132 -0.0091671115 -0.0059898272 0.0062355944 0.0197766814 0.0033077342 0.2458227724  3
0.0017227123 0.0011995387 -0.0008072339 0.0016362979 0.0082600471 0.0021731090 0.2421475500  3
0.0081312153 0.0058811894 0.0020991568 -0.0012234296 0.0031266971 0.0015584776 0.2466570735  3
-0.0032572539 -0.0026499571 -0.0026534300 0.0039259116 0.0128429830 0.0026516472 0.2461587936  3
-0.0082953079 -0.0096990746 -0.0080688652 0.0061985990 0.0207997151 0.0038816358 0.2450534701  3
-0.0044387439 -0.0101902187 -0.0088979490 0.0044677453 0.0212840885 0.0040553068 0.2420932055  3
-0.0081739305 -0.0079597421 -0.0061858664 0.0061711562 0.0190003719 0.0034848563 0.2429042906  3
0.0008899499 0.0018863947 0.0007486857 0.0021803712 0.0081570866 0.0019583302 0.2381222397  3
0.0110329641 0.0090075526 0.0021883589 -0.0023482400 0.0002463093 0.0017728020 0.2433281243  3
-0.0004176755 -0.0054167090 -0.0098919366 0.0027518994 0.0177654885 0.0051961872 0.2434915006  3
-0.0237677861 -0.0324569084 -0.0246560574 0.0145831751 0.0565106831 0.0098147513 0.2431247234  3
0.0603740588 0.0715025216 0.0614089817 0.0056154304 0.0175754782 0.0031525176 -0.0568769239  3
-0.0033064014 -0.0101874936 -0.0155573422 0.0015392437 0.0085543152 0.0021871747 0.1007046998  3
-0.0164124370 -0.0304657836 -0.0342199393 0.0035664407 0.0158924703 0.0035446857 0.0998497382  3
-0.0409996212 -0.0601833686 -0.0579503216 0.0072049191 0.0267949849 0.0052280440 0.0974271446  3
-0.0547677055 -0.0796059072 -0.0746027529 0.0087848864 0.0323164277 0.0061446070 0.0918607861  3
-0.0483621806 -0.0750764608 -0.2043571323 0.0075461841 0.0293818098 0.0146018500 0.0873651356  3
-0.0349634998 -0.3855159283 -0.4648798406 0.0055197435 0.1274863482 0.0306151435 0.0834104493  3
-0.8626294732 -1.0323476791 -0.8595696688 0.1087144837 0.3264252841 0.0545516051 0.0815324932  3
1.1674900055 1.3933811188 1.1585870981 0.0935049281 0.2800550461 0.0467497855 -0.0572542138  3
-0.0877659321 0.4133206904 0.5570333600 -0.0051980051 0.0792837813 0.0210819747 -0.0521549545  3
-0.0789420456 -0.1328515708 0.1212937310 -0.0041115060 -0.0175447166 0.0050230729 -0.0480993576  3
-0.0853582993 -0.1013695598 -0.0933943838 -0.0041197808 -0.0109819472 -0.0019062898 -0.0445608310  3
0.0027549998 -0.0137105901 0.0216612630 0.0013799306 0.0029483356 0.0016408254 -0.0404920839  3
0.0489595048 0.1458766311 0.1620569527 0.0043019089 0.0278356839 0.0061204899 -0.0447839424  3
0.2637318969 0.3614124656 0.3162800372 0.0178446714 0.0618618988 0.0109970476 -0.0448772833  3
-0.1035429686 -0.1233689561 -0.1014244333 0.0585369691 0.1763365567 0.0293758195 0.2292978913  3
-0.0408839770 -0.0716956034 -0.0668612644 -0.0025232909 -0.0113203777 -0.0020361317 -0.0592232570  3
-0.0010462664 -0.0176369529 -0.0300651714 0.0007356202 -0.0003176392 -0.0005418173 -0.0597781762  3
-0.0015126030 -0.0002926744 -0.0132499365 0.0007324824 0.0033386778 0.0001695028 -0.0590981692  3
0.0033236367 -0.0126426509 -0.0143701835 0.0011371840 0.0008860357 0.0001338790 -0.0595993921  3
-0.0368189178 -0.0369222127 -0.0213992782 -0.0021194757 -0.0040024589 -0.0001385745 -0.0594943427  3
-0.0237006210 -0.0099535407 0.0062118019 -0.0009025188 0.0016945546 0.0009821601 -0.0552183576  3
0.0650130883 0.0894385949 0.0957295597 -0.0077580558 -0.0261822902 -0.0056243376 0.0871442705  3
0.0294623598 0.0482779369 0.0533629134 -0.0033254735 -0.0137099102 -0.0030764646 0.0936074257  3
0.0012586215 0.0214549545 0.0311384890 0.0007331782 -0.0039617089 -0.0014505512 0.0926600620  3
0.0210878737 0.0246399995 0.0293832067 -0.0021074475 -0.0051815184 -0.0013497488 0.0938406736  3
0.0176588520 0.0315312110 0.0299029797 -0.0017029591 -0.0080319690 -0.0014534479 0.0966178626  3
0.0228782091 0.0334881842 0.0308250394 -0.0025151903 -0.0088456469 -0.0014913254 0.0972529948  3
0.0196497384 0.0234330576 0.0219121817 -0.0021174881 -0.0048452537 -0.0007906858 0.1010678113  3
-0.0027272573 0.0046380670 0.0069802380 0.0019104602 0.0036130378 0.0005206453 0.1012249067  3
-0.0025876907 -0.0044938005 -0.0031691715 0.0019058872 0.0072590914 0.0013313888 0.1005156785  3
1.6757404804 2.1857426167 1.8982878923 -0.1547468603 -0.5031331778 -0.0871279612 0.0603617616  3
0.4340154827 1.0986213684 1.1849852800 -0.0438870005 -0.2820530236 -0.0608961806 0.0677382499  3
0.2190083116 0.3121028244 0.4212572575 -0.0403585806 -0.1429937482 -0.0390643328 0.1191606596  3
0.0949045047 0.2099268287 0.2283395678 -0.0166019015 -0.0945160016 -0.0206283107 0.1199325994  3
0.0992159173 0.1368946284 0.1550995409 -0.0213244408 -0.0726062655 -0.0165837575 0.1419249475  3
0.0609563999 0.1106582955 0.1132624149 -0.0131251412 -0.0604695380 -0.0123463478 0.1480950266  3
0.0552193262 0.0850483477 0.0899731591 -0.0129213315 -0.0494386069 -0.0104751987 0.1599796265  3
0.0441578366 0.0669038296 0.0679498315 -0.0103927711 -0.0389961042 -0.0078828493 0.1657629609  3
0.0243501961 0.0433558971 0.0537434965 -0.0052729156 -0.0243345909 -0.0063392627 0.1746190935  3
0.0178069696 0.0460864902 0.0937669575 -0.0033239927 -0.0262418147 -0.0056556715 0.1742669791  3
0.0532007068 0.1612818688 0.1719733775 -0.0143933780 -0.0370856561 -0.0048697372 0.1808254272  3
0.2613155842 0.3044116199 0.2505116165 -0.0050086938 -0.0033201692 0.0005222936 0.1935070604  3
-0.6908376813 -1.0094869137 -0.9056585431 -0.0524058416 -0.1892396808 -0.0336328521 -0.0581066571  3
-0.5436683297 -0.9177379012 -0.8791326284 -0.0353173055 -0.1508827955 -0.0288982783 -0.0523833781  3
-20.1036701202 -25.3275127411 -26.6539821625 -0.0285903160 -0.0891540498 -0.0190092381 -0.0011482927  3
0.3122971654 -1.1126657724 -1.6889427900 0.0044941390 -0.0149775045 -0.0053672292 -0.0062135844  3
0.3817298710 0.4661668837 -0.3596754074 0.0044949846 0.0153551009 0.0003978062 -0.0050292625  3
0.0080635706 0.1030935198 0.4680518508 0.0018623417 0.0107132411 0.0048701996 -0.0100532239  3
0.0980673507 1.7112373114 3.0392179489 0.0025205789 0.0395370089 0.0130164744 -0.0051913923  3
1.9067069292 3.2898125648 3.1926758289 0.0324602835 0.1396906227 0.0272334665 -0.0110714361  3
1.0193400383 1.2457419634 1.0395601988 0.0703419223 0.2166331261 0.0364597850 -0.0474113598  3
1.5979565382 1.8914994001 1.5660401583 -0.1127052680 -0.3344996572 -0.0555502772 0.0476158336  3
0.1146286577 0.5580639243 0.6323707104 -0.0119085861 -0.1383757442 -0.0313117206 0.0649547055  3
-0.0057142968 0.0409429632 0.2393838912 -0.0003556351 -0.0129625248 -0.0118421381 0.0625071749  3
-0.0051872251 -0.0008004692 0.0303200223 -0.0003596474 -0.0032142657 -0.0021505456 0.0642403364  3
0.0144740669 0.0385182835 0.0164870657 -0.0021357883 -0.0120856874 -0.0014456465 0.0618407167  3
0.0681208074 0.0269924570 -0.0026479184 -0.0074811885 -0.0099010393 -0.0005609261 0.0660305098  3
-0.0767309368 -0.0903493911 -0.0873019025 0.0072333021 0.0204404704 0.0039047140 0.0708368197  3
-0.1745377332 -0.2225549817 -0.1908984929 0.0133353081 0.0418610647 0.0070645888 0.0551597588  3
-0.1163180098 -0.2165442407 -0.3148192763 0.0080193151 0.0378056094 0.0112546068 0.0515819006  3
-0.1459024251 -0.5073578358 -0.7010242939 0.0084129898 0.0768058375 0.0214435179 0.0431599505  3
-0.9272087812 -1.4468015432 -1.3551499844 0.0518681109 0.2023674250 0.0378500260 0.0389876179  3
2.1421837807 2.6076226234 2.2194371223 0.0860085487 0.2610192597 0.0443156697 -0.0291393753  3
0.7568572760 0.9078935385 0.7554486990 -0.2733845711 -0.8209187984 -0.1367990226 0.2132212073  3
0.0327189714 0.3152702153 0.3748379350 -0.0133952675 -0.3066202998 -0.0728468224 0.2253889591  3
0.0066633238 0.0143906781 0.1260174364 -0.0035175469 -0.0176802576 -0.0253522471 0.2279701978  3
-0.0096790632 -0.0145601295 -0.0106991297 0.0027881186 0.0102525931 0.0012718020 0.2284270376  3
-0.0242092572 -0.0330014043 -0.0282031726 0.0081671374 0.0272813346 0.0045233830 0.2235482782  3
-0.0248557143 -0.0343559906 -0.0522984937 0.0081322053 0.0276058391 0.0087632164 0.2176031619  3
-0.0115668606 -0.0733716115 -0.0908062980 0.0031995673 0.0615133271 0.0153675536 0.2127309144  3
-0.1349013895 -0.1735787541 -0.2466983944 0.0470304489 0.1505664736 0.0431799628 0.2126819044  3
-0.2088839263 -0.5623643994 -0.6020966768 0.0508905910 0.3461403251 0.0741750374 0.1553487480  3
-0.8445923924 -1.0935484171 -0.9444485903 0.1983476132 0.6409812570 0.1105570868 0.1477821916  3
-0.7589516640 -0.8986808658 -0.7526106834 -0.0525049381 -0.1564696133 -0.0263720173 -0.0481599085  3
-0.1705293059 -0.5717686415 -0.6149758697 -0.0096134860 -0.0765015185 -0.0164397229 -0.0357475430  3
-0.0654823706 -0.1280062199 -0.2564641535 -0.0042823832 -0.0201303829 -0.0073518925 -0.0359679013  3
-0.0226747841 0.0059538838 0.0922746509 -0.0019569374 -0.0031453019 0.0012423566 -0.0310370158  3
0.1222427264 0.3483917713 0.4402062297 0.0050577600 0.0389536694 0.0100115491 -0.0345603861  3
0.5661584139 0.8344182372 0.7509851456 0.0306981225 0.1128202155 0.0202016886 -0.0394865274  3
0.4217735231 0.5202875137 0.4339621365 0.0451323166 0.1383585185 0.0229312051 -0.0792716444  3
-0.4848894775 -0.6290135384 -0.5362938046 -0.0354168005 -0.1154918000 -0.0198219810 -0.0507768281  3
-0.0504432172 -0.2383606881 -0.2753354013 -0.0042697191 -0.0443051718 -0.0101721166 -0.0490342565  3
0.0076029599 0.0330785736 0.0365334935 -0.0002917291 0.0021605699 0.0005059377 -0.0458299369  3
0.1119325161 0.3102174997 0.3361521959 0.0070085619 0.0509571880 0.0110738296 -0.0497311428  3
0.4755221903 0.5995496511 0.5078173280 0.0370581970 0.1161712632 0.0195613913 -0.0569630004  3
0.9074879289 1.0854697227 0.9022281170 -0.2531944513 -0.7585370541 -0.1263328195 0.1657796502  3
-0.0007965670 0.3487435281 0.4356919229 -0.0009523475 -0.2517836988 -0.0627321005 0.1686504930  3
-0.0189408660 -0.0210870504 0.1311880946 0.0040639401 0.0099035101 -0.0191861577 0.1655109674  3
-0.0142945684 -0.0258434191 -0.0250690058 0.0027205145 0.0128840348 0.0024339254 0.1623806506  3
-0.0168704949 -0.0274923965 -0.0302025098 0.0033849599 0.0138730323 0.0030987195 0.1608686447  3
-0.0210740641 -0.0337242186 -0.0413427576 0.0043727090 0.0174925029 0.0044488329 0.1569527835  3
-0.0253062546 -0.0551332831 -0.0532944426 0.0053621661 0.0307529010 0.0058808397 0.1542533785  3
-0.0680305138 -0.0758591741 -0.0606485531 0.0156058352 0.0422274172 0.0065487698 0.1491456330  3
-0.0305215213 -0.0379773378 -0.0317670815 0.0056062778 0.0165358745 0.0025998652 0.1339604706  3
0.0262290128 0.0392117389 0.0284631494 -0.0072258101 -0.0272543989 -0.0042046709 0.1451707780  3
0.0068006814 0.0168185830 0.0198613424 -0.0026099735 -0.0140855787 -0.0032246809 0.1485836506  3
-0.0026339097 -0.0095890807 -0.1624233574 -0.0002905202 0.0021569482 0.0191659089 0.1494212300  3
-0.0219507869 -0.3996714652 -0.4897701740 0.0043478813 0.2362385690 0.0580310896 0.1464045942  3
-0.9753105044 -1.1754860878 -0.9803140163 0.2273009270 0.6839246154 0.1139107719 0.1429938376  3
0.0397618078 0.0310121290 0.0150419762 -0.0101612993 -0.0218788013 -0.0025692494 0.1409682781  3
0.0028451986 0.0039526341 0.0039664428 -0.0016149231 -0.0061278907 -0.0012628180 0.1471917182  3
0.1513339579 1.0576475859 1.2685830593 -0.0051671555 -0.1003030762 -0.0241505187 0.0267118271  3
0.1391277313 0.2258817554 0.5319882631 -0.0051799933 -0.0211106353 -0.0107983481 0.0294122193  3
0.1255931705 0.1727235168 0.1622991264 -0.0055952133 -0.0188235417 -0.0034770332 0.0348959379  3
0.0579118505 0.0901773870 0.0921931714 -0.0024394258 -0.0093663661 -0.0019020053 0.0381776020  3
-0.0050275270 0.0165628884 0.0270875562 0.0011194275 0.0009165667 -0.0000896313 0.0393178090  3
-0.0049640122 -0.0192832090 -0.0094829574 0.0011164555 0.0060465923 0.0009635414 0.0377822593  3
-0.0320633464 -0.0349504538 -0.0261084531 0.0026971435 0.0084180553 0.0014573873 0.0389427058  3
-0.0203441959 -0.0201981403 -0.0462225378 0.0019008884 0.0060263253 0.0019123839 0.0352849923  3
0.0240646973 -0.0527625903 -0.3188998401 -0.0004647523 0.0107681174 0.0095680701 0.0375070162  3
-0.1627051532 -0.7742140293 -0.8989481926 0.0097870464 0.1096301004 0.0253828540 0.0370901823  3
0.0343049839 0.4006146789 0.4802032709 -0.0098453155 -0.3107959330 -0.0746164471 0.1873420626  3
0.0284524169 0.0377008952 0.1771581322 -0.0083291121 -0.0270181205 -0.0282402188 0.1944768876  3
0.0042157387 0.0161733404 0.0217660218 -0.0004613267 -0.0097339535 -0.0028497833 0.1984087378  3
0.0041606692 0.0120492689 0.0172723457 -0.0004578193 -0.0061666458 -0.0020558734 0.1961497664  3
0.0171964038 0.0213421080 0.0176217686 -0.0048041511 -0.0140828425 -0.0021610421 0.2000409663  3
0.0146636413 0.0164741017 0.0112503991 -0.0040235189 -0.0101607163 -0.0011114230 0.2030297369  3
-0.0050120773 -0.0056749983 -0.0025596889 0.0027055815 0.0088389190 0.0012633378 0.2059952766  3
-0.0190818682 -0.0188303739 -0.0144234337 0.0074243341 0.0198364370 0.0032615406 0.2009648085  3
-0.0038248869 -0.0137137836 -0.0168443378 0.0022886628 0.0154503267 0.0036454455 0.1983257085  3
-0.0072578359 -0.0181826930 -0.1689638346 0.0034703361 0.0193938222 0.0294746831 0.1994476616  3
-1.8967003822 -2.4348330498 -2.0868110657 -0.0582277030 -0.1858395636 -0.0316602364 -0.0227661189  3
-1.1166995764 -2.6767017841 -2.9175639153 -0.0159364361 -0.0980957523 -0.0214325599 -0.0111230481  3
3.0875360966 6.0289897919 9.2148542404 -0.0076263249 -0.0384206027 -0.0122755561 0.0020760875  3
0.6362934113 0.7940466404 0.7764585614 -0.0113826431 -0.0343763940 -0.0066539990 0.0141774472  3
0.2052374035 0.4149110913 0.4892327487 -0.0044801086 -0.0238061398 -0.0057372763 0.0197389740  3
0.1504246294 0.3895093799 0.4509578049 -0.0034296960 -0.0254269838 -0.0060085501 0.0222797990  3
0.4137926996 0.5008099675 0.4730998278 -0.0141140101 -0.0415025577 -0.0077541349 0.0264418349  3
0.1782394052 0.2851223052 0.2372785211 -0.0099551203 -0.0398091748 -0.0064047943 0.0441626757  3
0.1136642545 0.1329786777 0.1198172346 -0.0056041321 -0.0149163054 -0.0025281869 0.0421848930  3
-0.0639436245 -0.0799395517 -0.0457177348 0.0062747402 0.0207566731 0.0028761909 0.0537525043  3
-0.2453377694 -0.2480230331 -0.1344097853 0.0136635182 0.0364860520 0.0044819596 0.0353106335  3
-0.0310606882 -0.0044816667 0.1330012679 0.0029711225 0.0059866342 -0.0023300659 0.0364264399  3
0.3182594180 0.6442317963 0.6080467701 -0.0135787958 -0.0701765269 -0.0131466473 0.0330477729  3
0.5798959136 0.6956959367 0.5807010531 -0.0467599593 -0.1388842911 -0.0229619872 0.0574619696  3
1.5377175808 1.9011636972 1.6088106632 -0.1293921471 -0.3985142708 -0.0672101155 0.0579806305  3
0.2173805684 0.6687245965 0.7377681732 -0.0238295626 -0.1893899143 -0.0418790840 0.0785406902  3
0.0868469104 0.1647542566 0.3068275154 -0.0105620520 -0.0510770828 -0.0200038888 0.0921270698  3
0.0515185148 0.0943303183 0.1137282550 -0.0059055360 -0.0277792104 -0.0068709292 0.0945425928  3
0.0446972847 0.0660686567 0.0711190850 -0.0054199044 -0.0195982922 -0.0042573656 0.1018684581  3
0.0274831112 0.0465674289 0.0455892608 -0.0028264385 -0.0123440754 -0.0023535923 0.1036490798  3
0.0168849006 0.0216750614 0.0299999975 -0.0012706700 -0.0029861454 -0.0012294237 0.1075656563  3
-0.0060806288 0.0136562837 0.0470266454 0.0023856345 0.0001593543 -0.0026095018 0.1072815508  3
0.1769320667 0.2245635837 0.1953126043 -0.0288992990 -0.0905475840 -0.0155597376 0.1135837734  3
0.1394471079 0.1834466755 0.1646771729 -0.0301208049 -0.0980672464 -0.0174470022 0.1464542001  3
0.0403065346 0.1038504392 0.1240415946 -0.0082580717 -0.0566484593 -0.0136422124 0.1544290036  3
0.0454502515 0.0889054090 0.1087565869 -0.0098742247 -0.0487223603 -0.0121076666 0.1589031965  3
0.0867484435 0.1164243519 0.1107128561 -0.0208403077 -0.0692268983 -0.0129903127 0.1688733846  3
0.0671152472 0.1010856405 0.0888371170 -0.0178463310 -0.0660387650 -0.0112624718 0.1882022023  3
0.0394021459 0.0533670336 0.0497245565 -0.0092526134 -0.0293837301 -0.0053284639 0.1941358596  3
-0.0099696731 -0.0097103566 0.0025961034 0.0070759635 0.0209750198 0.0020657242 0.2035009414  3
-0.0448860601 -0.0392966866 0.1421124637 0.0159274973 0.0396848917 0.0234529246 0.1900781840  3
0.0022471563 0.3949399292 0.4955131114 0.0008374805 0.2280218601 0.0563806966 0.1864372194  3
1.0044869184 1.1987010241 0.9900571704 0.2110758275 0.6371591687 0.1073235050 0.1909160912  3
0.8858495951 1.5321377516 1.4691857100 -0.2192318141 -0.4924224317 -0.0679506585 0.1565776765  3
1.0365649462 1.4991682768 1.3638107777 0.1492632926 0.2497534305 0.0230114888 0.1891932487  3
4.8898334503 6.0947809219 5.2771954536 -0.0804273412 -0.2517677844 -0.0437773243 0.0113249449  3
0.1025546342 2.0246987343 2.5622014999 -0.0030761273 -0.0989659280 -0.0248477068 0.0129986051  3
0.5540974736 0.7034907937 1.2430553436 -0.0122600701 -0.0398591422 -0.0134313777 0.0139910793  3
0.2725487053 0.3234643340 0.2589808404 -0.0123945894 -0.0379768424 -0.0063070175 0.0285034478  3
-0.0081262672 0.0561826862 0.0709227771 -0.0007928924 -0.0106085688 -0.0024811511 0.0295282342  3
-0.1120925471 -0.1427994817 -0.0934860632 0.0033864148 0.0098338649 0.0009264317 0.0280235391  3
-0.1497886181 -0.2337429672 -0.2353541255 0.0038425340 0.0149047263 0.0029702678 0.0232457742  3
-0.1651835889 -0.3011953831 -0.3674915135 0.0038390674 0.0181342438 0.0045891483 0.0210596342  3
-0.3326483667 -0.6358937025 -1.1985781193 0.0065986188 0.0324095190 0.0130036045 0.0162883624  3
-1.1326247454 -3.5387909412 -3.8826768398 0.0153264562 0.1242956966 0.0273299925 0.0102230394  3
9.0062036514 11.0114660263 9.3456592560 0.0860722512 0.2619853914 0.0442927293 -0.0068693720  3
0.5582777858 0.6594533324 0.5380602479 -0.1109764054 -0.3291027844 -0.0539523140 0.1255116016  3
0.0755383000 0.2675362825 0.2889769673 -0.0180606339 -0.1542758495 -0.0333139859 0.1407832354  3
0.0192270614 0.0433490910 0.1139839366 -0.0058028535 -0.0305370130 -0.0144179771 0.1467806548  3
-0.0025393353 0.0015787780 0.0130695933 -0.0007731698 -0.0063011674 -0.0026291662 0.1464275569  3
-0.0102752168 -0.0100820204 -0.0078714062 0.0010506815 0.0005454099 -0.0001913178 0.1460369974  3
-0.0021468678 -0.0124772452 -0.0186275989 -0.0007813632 0.0019036860 0.0010252154 0.1434264332  3
-0.0162116718 -0.0322743542 -0.0379748233 0.0024226047 0.0133502614 0.0032779751 0.1454211622  3
-0.0483772606 -0.0690501332 -0.0645777434 0.0092452243 0.0324319936 0.0059593474 0.1387113929  3
-0.0618682839 -0.0866411552 -0.2278840095 0.0114770727 0.0395502895 0.0225359183 0.1320002079  3
-0.0453340448 -0.4582716227 -0.5538733006 0.0073429896 0.2137248665 0.0518286899 0.1223781407  3
-1.0003244877 -1.2141971588 -1.0237003565 0.1875435412 0.5676855445 0.0954976082 0.1209044158  3
-3.5702435970 -4.3760466576 -3.6730940342 -0.0850540027 -0.2617188692 -0.0441227406 -0.0166154262  3
-3.6296408176 -13.8169240952 -15.8784427643 -0.0124542639 -0.1128776222 -0.0258670747 -0.0021987215  3
-1.0189168453 -7.1759257317 -21.7810134888 -0.0019972099 -0.0209771935 -0.0110829417 -0.0006542872  3
-2.8009169102 -3.8012728691 -4.6575655937 -0.0045099179 -0.0159454998 -0.0037588656 -0.0008653930  3
0.6461271644 0.7247564197 0.5976682901 -0.0049481969 -0.0151643641 -0.0026861769 0.0041935006  3
-0.0537581705 0.1225275323 -0.0112512372 -0.0007398899 -0.0063309581 -0.0008633017 0.0045536766  3
-0.2227548957 -0.8008819222 -2.8679890633 0.0001009327 0.0062962053 0.0066980436 0.0037039060  3
-1.9014842510 -8.7453384399 -10.7231836319 0.0068338579 0.0865010619 0.0213734619 0.0029035502  3
7.0336222649 9.1768360138 8.0132761002 0.0722422525 0.2349239588 0.0408891290 -0.0073382035  3
0.5941142440 0.7420250177 0.6328150034 0.0785090625 0.2442667633 0.0415127352 -0.1003247499  3
-0.0738906190 -0.1068252623 -0.1038869470 0.0040855631 0.0235381182 0.0057669892 0.1698413640  3
0.0228414424 0.0199280865 0.0132119693 0.0038104798 0.0100181540 0.0016155812 -0.0943502262  3
0.0642901808 0.0815580934 0.0768590644 0.0098361112 0.0319985859 0.0061096479 -0.1046929955  3
0.0531467684 0.1117415726 0.1098010540 0.0085220309 0.0435877442 0.0086137960 -0.1078116894  3
0.1026855558 0.1316230744 0.1223294064 0.0166329015 0.0540801622 0.0101389345 -0.1161526814  3
-0.0911651999 -0.1111610234 -0.0870696753 -0.0126686767 -0.0377043001 -0.0057089427 -0.1124990284  3
0.0038857292 -0.0116629163 -0.0168949626 0.0014918759 -0.0003475808 -0.0004017128 -0.1063766256  3
0.0558358654 0.0693706274 0.0545274839 0.0093353987 0.0298835281 0.0049009072 -0.1133257300  3
0.0553218201 0.0924880579 0.0768877491 0.0096869972 0.0403135903 0.0068670190 -0.1190319061  3
0.5889496207 0.6488273144 0.6880112886 0.0129080787 0.0369515009 0.0078224111 -0.0140737435  3
-0.0833316147 -0.1173635572 -0.1075348631 -0.0117281368 -0.0408819392 -0.0074041481 -0.1156860590  3
-0.0714898407 -0.1169154420 -0.1049911827 -0.0091868015 -0.0376184434 -0.0066487547 -0.1070309728  3
-0.0631619468 -0.0724318400 -0.0651906654 -0.0074847164 -0.0203955583 -0.0035628302 -0.1003828049  3
0.0226423778 0.0320911668 0.0248871427 0.0045497231 0.0166150983 0.0028210694 -0.1141689792  3
0.0226423778 0.0320911668 0.0248871427 0.0045497231 0.0166150983 0.0028210694 -0.1141689792  3
0.0226423778 0.0320911668 0.0248871427 0.0045497231 0.0166150983 0.0028210694 -0.1141689792  3
0.0226423778 0.0320911668 0.0248871427 0.0045497231 0.0166150983 0.0028210694 -0.1141689792  3
-0.1733860224 -0.2633800209 -0.2555049658 -0.0283595305 -0.1074654907 -0.0207864176 -0.1281333715  3
-0.0558837019 -0.1292748600 -0.1592233628 -0.0075533744 -0.0455470234 -0.0113786990 -0.1155611426  3
-0.0558837019 -0.1292748600 -0.1592233628 -0.0075533744 -0.0455470234 -0.0113786990 -0.1155611426  3
-0.0192277431 -0.0455306321 -0.0686911345 -0.0018569430 -0.0131221442 -0.0043671206 -0.1152174026  3
0.0086639160 -0.0034532303 -0.0056083486 0.0024170007 0.0032490897 0.0005283006 -0.1107652485  3
0.0086639160 -0.0034532303 -0.0056083486 0.0024170007 0.0032490897 0.0005283006 -0.1107652485  3
-0.0057451664 0.0002168286 -0.0037004531 0.0002752451 0.0046606874 0.0006745505 -0.1130497232  3
-0.0035704256 -0.0085285129 -0.0059700632 0.0006289991 0.0014493502 0.0005239489 -0.1138509214  3
-0.0035704256 -0.0085285129 -0.0059700632 0.0006289991 0.0014493502 0.0005239489 -0.1138509214  3
0.0129866209 0.0091558564 0.0099362275 0.0031185991 0.0082042851 0.0017388966 -0.1098208129  3
0.0150343049 0.0240534041 0.0159704462 0.0034673580 0.0138695091 0.0022088699 -0.1115056798  3
0.0150343049 0.0240534041 0.0159704462 0.0034673580 0.0138695091 0.0022088699 -0.1115056798  3
0.0170199182 0.0170293860 0.0121077048 0.0038149904 0.0113619771 0.0019386703 -0.1131736338  3
-0.0254218411 -0.0265445318 -0.0180317108 -0.0025670200 -0.0049513900 -0.0003079766 -0.1117523760  3
-0.0093320608 -0.0148532288 -0.0126406588 -0.0000879798 -0.0003500078 0.0001340764 -0.1096761897  3
0.0074321511 0.0041739820 -0.0020465569 0.0023933130 0.0067355144 0.0009305892 -0.1097053662  3
0.0048297257 0.0039343862 0.0005377351 0.0020332953 0.0067186095 0.0011343412 -0.1113068834  3
-0.0071826670 -0.0067189150 -0.0040201424 0.0002627527 0.0028207386 0.0008088695 -0.1107805297  3
-0.0073553403 -0.0079315417 -0.0042579174 0.0002625762 0.0024645028 0.0008082676 -0.1097154841  3
0.0021449507 0.0024617247 0.0027590557 0.0016760695 0.0063512372 0.0013379244 -0.1091665402  3
0.0091712754 0.0127583109 0.0077176183 0.0027328636 0.0102252197 0.0017180872 -0.1101837978  3
0.0113249067 0.0086673060 0.0047376552 0.0030815024 0.0087967403 0.0015093953 -0.1111875921  3
-0.0099346982 -0.0101938238 -0.0062781274 -0.0000952355 0.0017354933 0.0006847496 -0.1127021760  3
-0.0173663180 -0.0162105188 -0.0108979773 -0.0011523416 -0.0003748749 0.0003628217 -0.1089482680  3
0.0044845855 -0.0017175076 -0.0017698342 0.0020238804 0.0049166591 0.0010382123 -0.1089181155  3
0.0040705488 0.0083029671 0.0038042241 0.0020177269 0.0087734452 0.0014753005 -0.1099251732  3
0.0081811650 0.0075832075 0.0052501932 0.0027150898 0.0087524559 0.0016186674 -0.1098130271  3
-0.0014537446 -0.0022173689 0.0387043096 0.0013031863 0.0052153845 0.0041650739 -0.1117219701  3
-0.0108951479 0.0883665159 0.1517855525 -0.0001005713 0.0386691615 0.0124763157 -0.1094881967  3
0.2445294708 0.3757857978 0.3479127586 0.0375416316 0.1446032226 0.0269323997 -0.1093361899  3
-0.1239726916 -1.1557778120 -1.3715375662 -0.0045107524 -0.1368736476 -0.0326711722 -0.0350633189  3
-0.1239726916 -1.1557778120 -1.3715375662 -0.0045107524 -0.1368736476 -0.0326711722 -0.0350633189  3
-0.0670705438 -0.0998427048 -0.0994107500 -0.0008495701 -0.0026648915 -0.0004634446 -0.0259074420  3
-0.0670705438 -0.0998427048 -0.0994107500 -0.0008495701 -0.0026648915 -0.0004634446 -0.0259074420  3
0.0550962910 0.0453236811 0.5293785930 0.0039215176 0.0112848235 0.0122772045 -0.0287953727  3
2.7585203648 3.3187305927 2.7806580067 0.1290876418 0.3900822699 0.0656666979 -0.0324501134  3
-1.5031393766 -1.8894580603 -1.6414411068 -0.1446698308 -0.4535226524 -0.0786217898 -0.0697894469  3
-1.2005964518 -2.7639904022 -2.9466776848 -0.0494520888 -0.2870265543 -0.0612273440 -0.0295786820  3
1.0911619663 1.5648503304 1.5454554558 -0.0430288948 -0.1537929326 -0.0303315297 0.0273425113  3
0.3092776835 0.4702494144 0.4803389907 -0.0273945760 -0.1039232463 -0.0212127268 0.0609048940  3
0.0629551411 0.1900442392 0.2334902138 -0.0050475127 -0.0422512889 -0.0105546946 0.0650155619  3
0.0559686273 0.0653956607 0.0986786187 -0.0047043888 -0.0124069778 -0.0041905344 0.0690910220  3
0.0559686273 0.0653956607 0.0986786187 -0.0047043888 -0.0124069778 -0.0041905344 0.0690910220  3
-0.0073030097 0.0125548663 0.0229461398 0.0020665731 0.0014837388 -0.0002413768 0.0727494210  3
0.0189108532 0.0120575167 0.0120142130 -0.0007910553 0.0018252493 0.0004100321 0.0717075169  3
-0.0004186048 0.0151206013 0.0146436123 0.0013445162 0.0011077413 0.0002901267 0.0707405433  3
0.0192226954 0.0229625609 0.0212282483 -0.0007913617 -0.0010302754 -0.0000664200 0.0716482922  3
0.0188874695 0.0201219451 0.0156938210 -0.0007927173 -0.0003223442 0.0002295962 0.0734950900  3
-0.0061321864 0.0001675227 0.0043355525 0.0020551302 0.0053718556 0.0008817516 0.0744245648  3
-0.0061198948 -0.0046753003 0.0015204016 0.0020500489 0.0067789122 0.0010568510 0.0725823194  3
0.0067506544 0.0082644960 0.0059285979 0.0006280068 0.0032216227 0.0008193825 0.0735361725  3
0.0131934490 0.0134356450 0.0081975032 -0.0000844672 0.0017961866 0.0006999128 0.0735751539  3
0.0131934490 0.0134356450 0.0081975032 -0.0000844672 0.0017961866 0.0006999128 0.0735751539  3
-0.0119450176 -0.0115691312 -0.0041532782 0.0027541341 0.0088879010 0.0014080452 0.0736421272  3
-0.0054818429 -0.0012688922 0.0019278356 0.0020425238 0.0060429717 0.0010813099 0.0737182796  3
0.0199636314 0.0208192226 0.0146146175 -0.0007932838 0.0000086774 0.0003998578 0.0728339031  3
0.0199636314 0.0208192226 0.0146146175 -0.0007932838 0.0000086774 0.0003998578 0.0728339031  3
-0.0041830125 0.0005285615 0.0029605445 0.0020333265 0.0060111666 0.0011052267 0.0754077360  3
-0.0073216115 -0.0091693876 -0.0054731122 0.0023884438 0.0088429805 0.0016061531 0.0759954751  3
-0.0042241062 -0.0079812510 -0.0038850885 0.0020291749 0.0084700268 0.0015140153 0.0742949173  3
-0.0039585507 0.0033854512 0.0040310207 0.0020282825 0.0052854456 0.0010716772 0.0753678158  3
0.0210101325 0.0211780742 0.0153111685 -0.0007987305 0.0003324561 0.0004514397 0.0736982226  3
0.0210101325 0.0211780742 0.0153111685 -0.0007987305 0.0003324561 0.0004514397 0.0736982226  3
-0.0094811209 -0.0008063546 0.0030921467 0.0027275528 0.0066792867 0.0011566005 0.0759052113  3
0.0023735364 -0.0009770209 0.0020224182 0.0013184194 0.0066840216 0.0012158344 0.0770253018  3
0.0021749258 0.0037866929 0.0021252036 0.0013177022 0.0052663810 0.0012139669 0.0762708560  3
0.0026816749 0.0042861914 0.0045934464 0.0013144157 0.0052575343 0.0010949530 0.0773570687  3
0.0032358239 0.0051904540 0.0043571894 0.0013091592 0.0052368571 0.0011499022 0.0766857490  3
0.0037423559 0.0034917172 0.0025125449 0.0013059736 0.0059304102 0.0012946585 0.0778533518  3
-0.0019574196 -0.0020921053 0.0014015959 0.0020065196 0.0076764338 0.0013798061 0.0772684589  3
-0.0050675878 0.0014064772 0.0039394209 0.0023576496 0.0066179298 0.0012323321 0.0775508583  3
0.0158196017 0.0158109888 -0.3482423425 -0.0001024053 0.0023971726 0.0223182552 0.0764824674  3
-2.1115195751 -2.5208091736 -2.0965726376 0.2609581053 0.7810161710 0.1302700341 0.0784750879  3
-2.1115195751 -2.5208091736 -2.0965726376 0.2609581053 0.7810161710 0.1302700341 0.0784750879  3
3.2664430141 2.4719512463 1.4558769464 -0.2841343582 -0.4613558352 -0.0440536551 0.0567766055  3
-9.1179285049 -10.7607879639 -8.9555168152 -0.1532528251 -0.4496345520 -0.0744398013 -0.0118116206  3
1.1423442364 22.6772689819 27.9752864838 -0.0009823532 -0.1527726501 -0.0380274206 0.0019600037  3
-43.2386817932 -60.5193519592 -58.5336647034 -0.0073397863 -0.0245808288 -0.0046238764 -0.0001533458  3
1.8552583456 2.2835481167 1.8508815765 -0.0137359323 -0.0401995331 -0.0060996460 0.0059273182  3
1.8552583456 2.2835481167 1.8508815765 -0.0137359323 -0.0401995331 -0.0060996460 0.0059273182  3
0.2387541682 0.3778412640 0.3955095112 -0.0054204450 -0.0212848485 -0.0044523673 0.0218400676  3
0.1944186538 0.3947591186 0.4884877801 -0.0034053344 -0.0200203732 -0.0053390716 0.0202494171  3
0.5326361656 0.7249765992 0.6287702322 -0.0166634191 -0.0553960465 -0.0092968289 0.0242298618  3
1.1327755451 1.3795102835 1.4740827084 0.1228922531 0.3615809679 0.0403703973 0.0784887299  3
0.0258686226 1.1732060909 1.4590805769 -0.0009148672 -0.1112692654 -0.0279989913 0.0835900605  3
2.2345743179 3.1742064953 2.8461043835 -0.2455359250 -0.6185672283 -0.0930872262 0.0726151168  3
-1.2710523605 -1.5537376404 -1.3325210810 -0.1699827164 -0.5167971849 -0.0882306248 -0.0978127941  3
-0.2302743495 -0.9339000583 -1.0535551310 -0.0227867384 -0.2472591847 -0.0559482910 -0.0785354152  3
-0.3709401488 -0.5213236213 -0.7981036901 -0.0299486220 -0.1038102582 -0.0327778496 -0.0616434105  3
-0.5037188530 -0.8059459925 -0.8398314714 -0.0212917663 -0.0851674005 -0.0177437495 -0.0328033827  3
-0.5037188530 -0.8059459925 -0.8398314714 -0.0212917663 -0.0851674005 -0.0177437495 -0.0328033827  3
-1.2074570656 -33.6441078186 -41.6445808411 -0.0193406660 -0.5661890507 -0.1383665204 -0.0124413641  3
694.5296630859 835.6656494141 697.5592651367 -0.5199112296 -1.5703238249 -0.2627459168 0.0014487801  3
-0.0405052006 -0.0704067945 -0.0805911273 0.0151052251 0.0644737408 0.0144779515 0.1704012305  3
-0.0407079756 -0.0771930367 -0.0701548681 0.0181302186 0.0834604055 0.0155405840 0.2073348314  3
-0.0915050432 -0.1036131904 -0.0883158669 0.0355216339 0.1045986488 0.0183586199 0.2018118352  3
-0.0405052006 -0.0704067945 -0.0805911273 0.0151052251 0.0644737408 0.0144779515 0.1704012305  3
-0.0405052006 -0.0704067945 -0.0805911273 0.0151052251 0.0644737408 0.0144779515 0.1704012305  3
-0.0405052006 -0.0704067945 -0.0805911273 0.0151052251 0.0644737408 0.0144779515 0.1704012305  3
-0.0798470974 -0.0730260685 -0.0801198334 0.0272905827 0.0686576962 0.0160573628 0.1749563515  3
-0.0798470974 -0.0730260685 -0.0801198334 0.0272905827 0.0686576962 0.0160573628 0.1749563515  3
-0.0820256546 -0.0522347949 -0.0178171117 0.0396948867 0.0922344476 0.0125131859 0.1623983830  3
-0.0798470974 -0.0730260685 -0.0801198334 0.0272905827 0.0686576962 0.0160573628 0.1749563515  3
-1.5301327705 -1.9007751942 -1.6308304071 -0.0647547096 -0.2002354413 -0.0342195146 -0.0310674235  3
3.9987888336 6.9297461510 6.7911510468 -0.0310976412 -0.1351845264 -0.0264549199 0.0056684422  3
0.3736804724 1.0656436682 1.4942880869 -0.0066205026 -0.0502038561 -0.0143678132 0.0142663838  3
0.2864662111 0.4664678276 0.6279469728 -0.0056957230 -0.0232499689 -0.0064940304 0.0163305812  3
0.1844343543 0.2398525625 0.2315060794 -0.0052561983 -0.0163603313 -0.0030978720 0.0236227028  3
0.0308685414 0.0807353854 0.1036608964 -0.0001253492 -0.0033039239 -0.0010384982 0.0250442568  3
-0.0336965285 -0.0021361813 0.0452854857 0.0022048627 0.0041560242 0.0000105705 0.0251688622  3
0.0337807126 0.0596198328 0.0632679239 -0.0001281716 -0.0009785249 -0.0002232377 0.0233480502  3
0.1028439030 0.1109698787 0.0881986544 -0.0029287217 -0.0065837433 -0.0008467977 0.0267462898  3
0.0391682535 0.0717174187 0.0521767884 -0.0005984784 -0.0033270370 -0.0002260607 0.0288494360  3
0.0055802129 -0.0089418003 -0.0129880086 0.0008012473 0.0050725178 0.0011347855 0.0290062539  3
-0.0720568001 -0.1063531190 -0.0997255594 0.0040666335 0.0153344935 0.0029618146 0.0291731581  3
-0.1497561634 -0.2032607943 -0.2737851739 0.0063769207 0.0222564209 0.0057449420 0.0248020049  3
-0.1413017362 -0.4701364338 -0.8604822755 0.0054359944 0.0407958627 0.0143149011 0.0217446517  3
-0.8414057493 -2.0049862862 -2.1123435497 0.0235003680 0.1383346766 0.0291612390 0.0186568908  3
6.1181354523 7.4395670891 6.2253465652 0.0841630772 0.2569082379 0.0431731120 -0.0096513778  3
0.9139814377 1.1027432680 0.9206189513 -0.1904164255 -0.5731631517 -0.0955039412 0.1334194392  3
0.0561576299 0.3902586401 0.4606929719 -0.0116485218 -0.2181038409 -0.0516209975 0.1441611499  3
0.0168165639 0.0386982150 0.1731936187 -0.0028966514 -0.0185323711 -0.0196535103 0.1496109366  3
0.0090256110 0.0262418091 0.0389754064 -0.0010458311 -0.0111150481 -0.0036830276 0.1491930336  3
0.0300627574 0.0465433337 0.0452750139 -0.0061409627 -0.0236334354 -0.0045379801 0.1523040533  3
0.0455820076 0.0566548891 0.0476067401 -0.0103474241 -0.0311692972 -0.0050609228 0.1583503932  3
0.0204736479 0.0313627869 0.0309195817 -0.0043338593 -0.0164025389 -0.0031837213 0.1667399108  3
-0.0058839931 0.0040618302 0.0132430485 0.0026713060 0.0018204288 -0.0008067348 0.1651779413  3
0.0012582195 0.0048423409 0.0080101211 0.0008031680 0.0013483792 -0.0001075294 0.1647960991  3
0.0154125439 0.0140784252 0.0083451187 -0.0029271340 -0.0047158450 -0.0001472775 0.1655926406  3
0.0030397314 0.0028061988 0.0007789466 0.0003361651 0.0027463310 0.0008643933 0.1699005067  3
-0.0143625708 -0.0145645197 -0.0148862069 0.0049935253 0.0143836504 0.0029587052 0.1666255444  3
-0.0108843595 -0.0273462404 -0.0308328662 0.0040542213 0.0227389801 0.0050489102 0.1651141644  3
-0.0325129963 -0.0512399599 -0.1800684035 0.0096242232 0.0380346850 0.0246305522 0.1630312204  3
-0.0549200363 -0.3993225992 -0.4750588834 0.0146333175 0.2517750263 0.0598196462 0.1545128971  3
-0.9035967588 -1.1024556160 -0.9291846752 0.2114075422 0.6460847259 0.1091213375 0.1460595131  3
-0.1472824514 -0.1761072725 -0.1616158932 -0.0176291224 -0.0512375310 -0.0092601487 -0.0973440781  3
-0.0859696195 -0.1503689438 -0.1460103840 -0.0085012699 -0.0377098434 -0.0072406563 -0.0864635631  3
-0.0400112718 -0.0874103159 -0.1112704426 -0.0029683204 -0.0183473825 -0.0049409443 -0.0824775994  3
-0.0499624647 -0.0799376890 -0.0961241499 -0.0038969109 -0.0155873904 -0.0039408864 -0.0798634961  3
-0.0628193691 -0.1076927260 -0.1182623133 -0.0048361085 -0.0211915486 -0.0047232048 -0.0744972453  3
-0.0951312631 -0.1562543660 -0.1572500020 -0.0076260949 -0.0314353555 -0.0062787952 -0.0705037564  3
-0.1546617597 -0.2164205164 -0.2059592307 -0.0114022195 -0.0390818305 -0.0073258644 -0.0610830225  3
-0.1443057060 -0.2251372188 -0.2220611572 -0.0086571854 -0.0336834379 -0.0065860581 -0.0516093411  3
-0.1018816307 -0.1802935600 -0.2010931224 -0.0049158270 -0.0224780720 -0.0051134289 -0.0461879782  3
-0.0938328430 -0.1636965275 -0.1898123771 -0.0039717383 -0.0177826118 -0.0042560468 -0.0421979278  3
-0.1213603765 -0.2019452453 -0.2003841549 -0.0049232976 -0.0206472650 -0.0040278235 -0.0382688753  3
-0.1845176369 -0.2364448309 -0.1992424875 -0.0068411240 -0.0207302049 -0.0032527831 -0.0329092778  3
-0.1019767970 -0.1205982491 -0.0815065280 -0.0021184150 -0.0046612453 -0.0001769330 -0.0261241905  3
0.1277733147 0.1741107702 0.1498214751 0.0064319344 0.0228838902 0.0041742404 -0.0275811553  3
0.2297457010 0.3089496791 0.2986736298 0.0120785777 0.0416864045 0.0081734248 -0.0331724621  3
0.1600742191 0.3007549345 0.3699844182 0.0110446634 0.0507671684 0.0122665195 -0.0428236164  3
0.2318012416 0.4755131006 0.5137573481 0.0166281201 0.0834272653 0.0179731920 -0.0468823761  3
0.4204443991 0.5612510443 0.4155215919 0.0386638306 0.1301472485 0.0196472928 -0.0645584017  3
-1.3587015867 -1.5699198246 -1.1989897490 -0.0865141824 -0.2480532229 -0.0375242047 -0.0470291264  3
2.4002697468 3.8102939129 3.3038964272 -0.0409346670 -0.1625599712 -0.0279555172 0.0123790083  3
-0.4360260367 0.0447838753 0.3629246950 0.0094303051 0.0048164865 -0.0017879753 0.0123967919  3
-11.1673116684 -20.4325180054 -17.2995700836 0.0266273227 0.1210668236 0.0207954310 0.0015683605  3
1.7532657385 2.2826309204 2.0011911392 0.0574218184 0.1881071180 0.0332057662 -0.0226319488  3
0.4149174392 0.5772967339 0.5334540606 0.0453142971 0.1584347337 0.0294354707 -0.0777912810  3
1.1983686686 1.4324041605 1.1933021545 -0.1580733657 -0.4702965319 -0.0780378208 0.0925310850  3
0.1279217303 0.5042898059 0.5577212572 -0.0205829479 -0.2049798369 -0.0451751649 0.1136599481  3
0.0273692347 0.0654862896 0.2102058679 -0.0033274044 -0.0235309098 -0.0175594781 0.1216102391  3
-0.0106953308 0.0113981646 0.0351740047 0.0038073263 0.0019900668 -0.0017510898 0.1203167066  3
0.0224615727 0.0270715691 0.0263760034 -0.0022991374 -0.0051318379 -0.0008999141 0.1190365851  3
0.0317958258 0.0320291221 0.0181093030 -0.0043519298 -0.0082215052 -0.0002239475 0.1256642044  3
-0.0047443076 -0.0075363563 0.0016191301 0.0027915640 0.0111714751 0.0013916312 0.1270277798  3
-0.0416490659 -0.0244993996 -0.0175698474 0.0099118566 0.0192826334 0.0032541030 0.1244588867  3
0.0286894757 -0.0012337783 -0.0092348531 -0.0033014102 0.0080304798 0.0023886824 0.1166605875  3
-0.0142589416 -0.0168810878 -0.0172372516 0.0048398795 0.0162851736 0.0033499738 0.1311527491  3
-0.0455341600 -0.0335253738 -0.1649324745 0.0097922329 0.0220709872 0.0174003653 0.1129203886  3
0.0222498588 -0.3174568713 -0.3870157003 -0.0022927891 0.1740790009 0.0422796644 0.1208692789  3
-0.8128880858 -0.9352037907 -0.7758910060 0.1683320254 0.4883359969 0.0814095661 0.1182990372  3
-1.0347629786 -1.2812073231 -1.0913847685 -0.0799594298 -0.2460823059 -0.0416869484 -0.0572760291  3
-0.8283323646 -1.7219889164 -1.7666659355 -0.0284215715 -0.1496967524 -0.0306994226 -0.0258056782  3
-0.6247482300 -1.3035076857 -1.8810899258 -0.0112730376 -0.0606638603 -0.0180138797 -0.0145246722  3
-1.0197460651 -1.8122676611 -2.0838246346 -0.0095307175 -0.0430227369 -0.0100256428 -0.0076571521  3
9.1582298279 12.0098237991 11.2437095642 -0.0127111208 -0.0405541249 -0.0074614310 0.0010920296  3
0.4031798840 0.6148789525 0.5790036321 -0.0055896244 -0.0210094843 -0.0038324154 0.0123449638  3
-0.0886157155 0.0052317842 0.3337443173 0.0029686161 0.0060301838 -0.0013486947 0.0110465121  3
-0.2767807245 0.1964502186 0.5441772938 0.0056658871 -0.0011465484 -0.0027659007 0.0103871748  3
2.2335653305 2.9845900536 2.6520340443 -0.0153754279 -0.0503233522 -0.0087517463 0.0052965726  3
0.5502502918 0.6522417665 0.5263144970 -0.0257218890 -0.0746030435 -0.0117423143 0.0340476558  3
0.1454086602 0.2855437696 0.3058466911 -0.0075156116 -0.0383391231 -0.0082540372 0.0427660383  3
-0.0138302865 0.0905565247 0.1827867925 0.0025627152 -0.0090144733 -0.0049005845 0.0464847609  3
0.1347867846 0.2096193582 0.2395974547 -0.0065802378 -0.0254052542 -0.0059385314 0.0414802432  3
0.1941947341 0.2630676925 0.2388895005 -0.0149613852 -0.0496767536 -0.0088488236 0.0576667376  3
0.1555714160 0.2412187308 0.2179348022 -0.0131499944 -0.0507661477 -0.0089951502 0.0638773963  3
0.0960449576 0.1327079684 0.1371946931 -0.0095370794 -0.0320761576 -0.0066252421 0.0775417313  3
0.0113432296 0.0528806709 0.0873767138 0.0002721314 -0.0091843838 -0.0038195248 0.0787723809  3
0.0148657439 0.0695038810 0.0906240046 -0.0001905503 -0.0142939119 -0.0040492802 0.0793287978  3
0.1298154593 0.1496945918 0.1361128390 -0.0141928149 -0.0390512235 -0.0069298162 0.0811309442  3
0.0808700100 0.1251464039 0.1174437329 -0.0106196916 -0.0410294794 -0.0075792912 0.1003929004  3
0.0476532318 0.0991836041 0.1059861407 -0.0053839250 -0.0300251730 -0.0064520114 0.0973684937  3
0.0614990704 0.0774263069 0.0826077238 -0.0087464843 -0.0259803925 -0.0055546518 0.1096727476  3
0.0279584862 0.0603508912 0.0610124171 -0.0030572459 -0.0188799202 -0.0037750381 0.1108580381  3
0.0326424763 0.0454108268 0.1184276789 -0.0040299953 -0.0132421637 -0.0038460724 0.1158715934  3
0.0210303273 0.1960563064 0.0668424070 -0.0021181090 -0.0191773362 0.0130260391 0.1184227094  3
0.4077740610 0.0971711725 -0.0806318820 -0.0109183397 0.1739882678 0.0462909639 0.1208525300  3
1.1420212984 1.4049597979 1.1859049797 -0.1818917245 -0.5576677918 -0.0938470587 0.1034730747  3
0.0605886541 0.5314684510 0.6470462680 -0.0080118319 -0.2066567987 -0.0505503714 0.1035279259  3
0.0589637086 0.0894347653 0.2621892095 -0.0089639099 -0.0336494669 -0.0223664250 0.1160183102  3
0.0510693267 0.1067358553 0.1103704274 -0.0076393178 -0.0419810228 -0.0086723911 0.1172096655  3
0.0973801315 0.1240943521 0.1189976484 -0.0178727489 -0.0555574782 -0.0105423415 0.1279899478  3
0.0618691593 0.0990015864 0.0938894972 -0.0122400979 -0.0489643887 -0.0091583701 0.1421370208  3
0.0352251902 0.0625814646 0.0710057989 -0.0064382269 -0.0293417946 -0.0067852959 0.1455777436  3
0.0244516842 0.0435340144 0.0524254628 -0.0042215246 -0.0195801165 -0.0049410616 0.1523930281  3
0.0261723623 0.0462835096 0.0494011603 -0.0046676560 -0.0213657413 -0.0046004662 0.1530302763  3
0.0372208618 0.0517774969 0.0505736321 -0.0078498982 -0.0264301207 -0.0050738733 0.1604033560  3
0.0292011611 0.0461303666 0.0536859035 -0.0060560154 -0.0237794612 -0.0055528660 0.1649709791  3
0.0201154407 0.0534981303 0.0626645088 -0.0038079028 -0.0281095318 -0.0067332448 0.1700380445  3
0.0645105466 0.0886223093 0.1306760609 -0.0144258216 -0.0493530072 -0.0050360262 0.1718117595  3
0.0649209619 0.1868854463 0.2050381452 -0.0169263203 -0.0035044369 0.0029131868 0.1922053844  3
0.2732200623 0.3525661826 0.3053576052 0.0451056696 0.1191983745 0.0185408536 0.1967680752  3
1.3160756826 2.3467698097 2.2833709717 -0.1893428862 -0.5030183792 -0.0794933587 0.0951791778  3
1.6651699543 2.4222998619 2.1961467266 0.0556137227 -0.0253201965 -0.0203290712 0.1135647073  3
0.9692600965 2.0434136391 2.0875890255 -0.1148199588 -0.3822076917 -0.0682871863 0.0996773541  3
5.2015037537 7.6710352898 6.9935827255 0.0315219015 -0.0759665892 -0.0270882975 0.0355432369  3
17.8674659729 21.9915866852 18.7949790955 -0.1650463939 -0.5061500669 -0.0862400308 0.0062753195  3
0.6507344246 3.1627740860 3.7371571064 -0.0168957897 -0.2194899917 -0.0520565510 0.0190875456  3
0.4485657811 0.7474524379 1.3206280470 -0.0193676241 -0.0809740424 -0.0296317022 0.0311171636  3
0.3788930178 0.5763372183 27.7866191864 -0.0254881047 -0.0966269970 0.7176672816 0.0470037349  3
0.2719394863 46.4078826904 57.8680381775 -0.0264408439 8.8710021973 2.2242746353 0.0667359382  3
92.2998504639 110.7670745850 92.3097991943 9.0585994720 27.1686897278 4.5270905495 0.0833000094  3
-0.1080817357 -0.1613763422 -0.1511692107 -0.0055046687 -0.0202295166 -0.0036924484 -0.0444952026  3
-0.1345884651 -0.1844667047 -0.1772056818 -0.0059775235 -0.0198616609 -0.0037443647 -0.0383542515  3
-0.0747563317 -0.1463725716 -0.1388887316 -0.0023873076 -0.0127031179 -0.0023273553 -0.0341711231  3
-0.0671744794 -0.0683307573 -0.0841739699 -0.0019372413 -0.0032461255 -0.0009765253 -0.0332452357  3
0.0451710261 0.0024299254 -0.0357955843 0.0030214752 0.0048692562 0.0002247329 -0.0297046602  3
-0.0075120265 -0.0376764201 -0.0386819504 0.0007634396 -0.0000934904 -0.0000011381 -0.0359288156  3
-0.1435345858 -0.1094390005 -0.0630946085 -0.0046462123 -0.0064124139 -0.0003027416 -0.0291648638  3
0.0240523126 0.0103878565 0.0207163654 0.0021145244 0.0057564029 0.0013874976 -0.0275564827  3
0.1172892898 0.1322257668 0.0871935710 0.0061597512 0.0187871531 0.0028453572 -0.0304904580  3
0.0652240738 0.0931564197 0.0792318732 0.0043433527 0.0160269346 0.0029092866 -0.0347088911  3
0.0509038121 0.1052616760 0.2094799131 -0.0059321411 -0.0322033465 -0.0137971118 0.0931799486  3
0.0439127013 0.0640487671 0.0753333792 -0.0050348877 -0.0179129168 -0.0043462180 0.0941239223  3
0.0203222223 0.0384710431 0.0495553762 -0.0019201345 -0.0099286232 -0.0027974006 0.1014464200  3
0.0152717438 0.0446578078 0.0507697128 -0.0010251850 -0.0116902990 -0.0027519951 0.0982471555  3
0.0565484464 0.0657564402 0.0577102937 -0.0077573815 -0.0211618450 -0.0035490117 0.1044472307  3
0.0350457802 0.0486450754 0.0446417145 -0.0046346216 -0.0153913312 -0.0026999197 0.1100598127  3
-0.0021034190 0.0163874198 0.0255491920 0.0016653494 -0.0018921853 -0.0011262288 0.1121614948  3
0.0110395942 0.0156257600 0.0198997445 -0.0005822382 -0.0014354197 -0.0005990391 0.1095879674  3
0.0183040425 0.0211899802 0.0187208429 -0.0019381378 -0.0041500991 -0.0005645883 0.1145811081  3
0.0058491109 0.0154496338 0.0152199743 0.0003098924 -0.0014568743 -0.0002283148 0.1137825623  3
0.0083373152 0.0103168599 0.0088421525 -0.0001411394 0.0007859861 0.0003329818 0.1159121618  3
0.0033816125 -0.0006155153 -0.0044451538 0.0007574428 0.0057315929 0.0015321036 0.1157153547  3
-0.0165137351 -0.0235090833 -0.0230367761 0.0043580430 0.0160861798 0.0032205679 0.1166947708  3
-0.0303558223 -0.0432587191 -0.0426431373 0.0065834331 0.0240920000 0.0048140623 0.1118612215  3
-0.0307459552 -0.0544875711 -0.1422606856 0.0065720296 0.0285246614 0.0132383620 0.1099034920  3
-0.0458323620 -0.2852593660 -0.3682848215 0.0087728100 0.1211430579 0.0310416780 0.1051030457  3
-0.6177441478 -0.8283375502 -0.7291047573 0.0966301635 0.3251281083 0.0574470237 0.1002692506  3
0.0257614199 0.2803266644 0.3399607241 -0.0085346177 -0.2663632929 -0.0647969246 0.2269027978  3
0.0229000673 0.0388807692 0.1399003863 -0.0076779481 -0.0329323709 -0.0261075087 0.2324876934  3
0.0256995428 0.0429137386 0.0429222770 -0.0090398686 -0.0305994637 -0.0056985086 0.2375507653  3
0.0324956290 0.0431049243 0.0381094515 -0.0048401086 -0.0173443500 -0.0031001111 0.2446975857  3
0.0172063820 0.0229833610 0.0206054840 0.0014240647 0.0032428836 0.0004807008 0.2534539700  3
-0.0083284508 -0.0059284735 -0.0027681536 0.0052276510 0.0202375483 0.0037789531 0.2534196377  3
-0.0156312473 -0.0233531110 -0.1629331559 0.0083226953 0.0315131210 0.0377056636 0.2492327839  3
-0.0189256538 -0.3779733479 -0.4628539085 0.0096251043 0.4140434861 0.1012421250 0.2456279993  3
-0.0097466744 -0.0042227162 0.0059877853 0.0022944917 0.0017419237 -0.0009957366 0.1562098116  3
0.0037263837 -0.0195972435 -0.0481832288 -0.0011335807 0.0113998111 0.0058394033 0.1497780383  3
-0.0345293395 -0.0976090953 -0.1074984223 0.0085549587 0.0610417314 0.0134543972 0.1517105699  3
-0.1945571601 -0.2298240364 -0.1909357309 0.0446095057 0.1315732300 0.0218353476 0.1393011063  3
-0.2112098485 -0.2804344296 -0.2404038161 0.0327576473 0.1086407676 0.0186069924 0.0975065157  3
-0.0007110188 -0.0791748911 -0.0696832985 0.0000016228 0.0305939335 0.0053721396 0.0981124341  3
0.0134928003 0.1128891334 0.1029714197 -0.0021836548 -0.0442134514 -0.0080731167 0.0973669961  3
0.0134928003 0.1128891334 0.1029714197 -0.0021836548 -0.0442134514 -0.0080731167 0.0973669961  3
0.1752060503 0.2180821449 0.1867145598 -0.0429182909 -0.1335881948 -0.0228803121 0.1472098827  3
0.0246451497 0.0955450833 0.1100923792 -0.0062768557 -0.0607906319 -0.0140092857 0.1523240656  3
0.0199354757 0.0332232639 0.0579030588 -0.0051452327 -0.0214406494 -0.0074823499 0.1547179818  3
0.0184726827 0.0282626636 0.0307887066 -0.0048760953 -0.0186440572 -0.0040633231 0.1584928185  3
0.0140659595 0.0263370071 0.0278803241 -0.0037368434 -0.0175296087 -0.0037117386 0.1605735570  3
0.0191861633 0.0273485985 0.0267442279 -0.0051818378 -0.0184280202 -0.0035996274 0.1630100608  3
0.0157739408 0.0223698430 0.0232123975 -0.0043336912 -0.0153154060 -0.0031787509 0.1668286324  3
0.0055813887 0.0162274819 0.0194320269 -0.0014514073 -0.0110038128 -0.0026533632 0.1682731509  3
0.0137319919 0.0199425220 0.0191689674 -0.0037633872 -0.0136083746 -0.0026062948 0.1687070280  3
-0.0341461264 -0.0443489552 -0.0401967727 -0.0039827405 -0.0130824400 -0.0023931770 -0.0797605887  3
-0.0417736955 -0.0559538305 -0.0460390076 -0.0045677689 -0.0154132880 -0.0025680175 -0.0753885880  3
-0.0207408536 -0.0309445560 -0.0275763012 -0.0022857646 -0.0085693747 -0.0015466992 -0.0734620690  3
0.0070978063 0.0079520848 0.0009580328 0.0005769464 0.0014476971 -0.0000684504 -0.0723412558  3
0.0259756092 0.0272364039 0.0171220135 0.0025778310 0.0065919692 0.0007891735 -0.0744889975  3
0.0090377005 0.0123050688 0.0235901251 0.0008592022 0.0028655136 0.0011685068 -0.0762110502  3
-0.0127590746 0.0228685401 0.0355435982 -0.0014281790 0.0057208822 0.0018112166 -0.0758665428  3
0.0751879886 0.0849326029 0.0640641153 0.0077266241 0.0217494834 0.0032672912 -0.0742750764  3
0.0639936849 0.0599460453 0.0351306386 0.0076581142 0.0178683102 0.0020798142 -0.0870357305  3
-0.0430892520 -0.0401087999 -0.0337691866 -0.0051124059 -0.0119302412 -0.0020121250 -0.0854145512  3
-0.0850146487 -0.1154141203 -0.0927456319 -0.0094096595 -0.0319362879 -0.0051328209 -0.0796748325  3
-0.0801683217 -0.1237010509 -0.1183862016 -0.0080276430 -0.0309644099 -0.0059254775 -0.0718674958  3
-0.0576461516 -0.0970581323 -0.1056213826 -0.0054623070 -0.0229995530 -0.0050071729 -0.0681518391  3
-0.0455841497 -0.0819067731 -0.0936075822 -0.0040381337 -0.0181691647 -0.0041574584 -0.0640101135  3
-0.0536421165 -0.0871592537 -0.0938108191 -0.0046201781 -0.0187690463 -0.0040422920 -0.0623161457  3
-0.0693452135 -0.1066410169 -0.1083808988 -0.0055049560 -0.0211502351 -0.0042976914 -0.0573245734  3
-0.0733869299 -0.1158698872 -0.1071572080 -0.0055152760 -0.0217722766 -0.0040165400 -0.0543657765  3
1.0477162600 1.2460564375 1.0423431396 -0.0812783316 -0.2413418591 -0.0403289534 0.0513588749  3
0.0278549362 0.4599031210 0.5485990644 -0.0018896214 -0.0901198909 -0.0215376690 0.0524020679  3
0.0648665875 0.0705764294 0.2298747003 -0.0050171930 -0.0131948227 -0.0091949748 0.0542781875  3
0.0180938113 0.0509504937 0.0645404384 -0.0012732220 -0.0101100029 -0.0026288151 0.0594437495  3
0.1014504135 0.1105674952 0.1000948399 -0.0094505223 -0.0252279770 -0.0045224344 0.0632432550  3
0.1014504135 0.1105674952 0.1000948399 -0.0094505223 -0.0252279770 -0.0045224344 0.0632432550  3
0.0397011712 0.0800370947 0.0740068629 -0.0038098954 -0.0196602307 -0.0035959533 0.0692614242  3
0.0282667354 0.0452340394 0.0510808714 -0.0025464697 -0.0101855854 -0.0023323917 0.0687427744  3
0.0155542269 0.0181751214 0.0315142758 -0.0012891950 -0.0032580358 -0.0013907674 0.0731476918  3



